3.585 4.189 6.906 0.454 7.378 7.271 6.999 9.529 6.325 7.622 2.62 8.39 6.624 4.844 5.338 5.578 7.262 8.848 10.107 1.948 9.058 6.373 7.811 1.092 6.229 8.29 6.577 6.373 0.401 2.358 2.139 4.796 2.733 4.358 0.732 1.161 8.911 8.377 4.78 3.519 
7.894 7.26 3.207 7.778 8.605 6.635 2.808 1.954 3.473 5.999 3.439 1.195 2.658 8.65 6.487 4.209 1.165 6.487 10.007 8.726 1.681 9.462 7.076 10.479 2.658 4.366 8.39 5.233 7.527 1.771 4.331 4.186 2.353 0.56 6.373 0.228 1.792 5.578 4.07 0.715 
8.669 10.479 7.613 3.5 4.358 0.715 9.331 5.578 1.211 3.439 3.973 4.594 5.411 1.824 2.353 5.233 9.888 9.029 6.165 9.801 3.129 2.931 8.13 4.366 7.565 6.266 1.771 5.411 1.371 1.999 1.495 9.029 3.129 2.733 6.04 1.417 3.924 2.849 9.213 7.262 
4.676 6.716 0.165 2.761 0.56 10.033 5.338 7.43 3.876 1.804 9.298 5.856 8.923 1.211 5.523 1.259 0.908 5.903 8.848 6.627 6.834 2.86 1.165 2.481 6.834 8.605 2.139 8.939 3.012 2.481 7.843 8.018 8.571 0.961 5.527 3.207 6.697 4.358 2.86 0.181 
1.788 0.828 6.405 8.317 8.584 8.394 8.105 6.946 9.213 1.663 1.031 2.86 9.88 1.371 5.856 2.808 2.658 4.844 8.245 3.382 0.416 0.908 7.894 10.272 7.651 9.93 9.58 10.187 1.954 8.605 3.12 3.12 5.903 1.512 1.065 0.315 1.824 5.721 1.092 5.548 
9.888 5.903 2.496 3.482 4.676 10.272 8.063 7.43 5.999 3.519 3.294 8.703 10.272 0.401 1.792 3.473 10.021 1.671 5.931 1.516 4.567 1.092 0.582 3.941 4.972 7.306 9.119 6.487 7.613 1.38 10.007 1.54 9.213 3.216 8.356 1.495 4.113 7.43 1.824 6.325 
9.645 6.856 5.22 7.843 0.577 4.594 3.12 8.044 4.07 6.071 2.547 5.22 1.22 8.277 3.5 5.55 9.298 5.416 1.684 2.595 7.161 8.39 3.876 6.464 7.328 5.411 7.129 5.472 3.12 3.021 6.527 9.592 5.492 3.021 6.405 6.527 2.472 2.472 8.601 0.999 
1.092 6.339 7.273 9.805 10.383 0.961 2.733 3.225 5.21 0.631 6.697 0.622 3.972 9.266 3.784 9.058 6.201 7.26 4.291 9.88 3.48 7.016 5.856 5.352 4.461 9.729 5.931 6.464 7.843 5.233 6.042 2.956 8.044 5.22 5.472 8.747 2.591 8.022 0.822 8.246 
6.487 7.778 1.417 4.07 10.017 6.635 2.147 7.306 9.93 10.007 1.771 6.832 9.44 3.482 4.746 4.015 3.12 10.188 2.484 6.339 3.473 7.161 7.378 8.691 8.39 6.755 10.145 6.477 7.811 9.471 7.271 7.948 0.387 3.129 6.339 3.321 4.189 1.065 6.043 5.338 
3.588 5.077 7.527 1.948 0.165 5.416 3.382 0.995 6.906 8.246 2.956 3.871 9.029 7.613 0.189 0.315 6.527 7.644 9.729 8.61 4.157 3.575 8.61 6.919 6.953 8.849 3.012 7.355 7.271 0.586 1.788 1.22 1.684 3.462 9.129 7.817 8.018 5.931 6.018 4.291 
5.548 1.195 6.229 6.042 0.961 8.923 3.5 4.146 4.676 5.416 6.509 0.491 7.817 7.613 4.972 8.09 3.707 8.326 8.484 5.982 6.577 7.819 9.119 0.622 6.583 9.88 6.888 0.631 1.992 1.203 7.306 7.306 3.321 7.819 6.825 7.304 1.516 6.946 3.129 8.356 
9.998 8.514 8.105 7.277 7.016 7.224 6.05 3.519 3.129 7.764 7.203 8.703 2.353 4.189 7.249 5.659 6.21 5.21 5.416 3.028 6.296 4.269 2.591 6.919 1.38 0.454 8.497 6.624 3.216 1.031 6.755 8.497 9.213 9.331 7.644 3.853 6.325 7.651 2.782 2.472 
6.373 1.671 6.296 9.909 10.145 1.259 0.491 5.222 0.401 0.181 8.022 6.919 0.401 2.272 1.992 4.821 0.999 4.157 5.578 3.424 3.871 7.161 5.977 6.684 6.583 6.201 5.55 8.378 7.203 0.622 3.129 5.721 8.245 9.597 8.39 3.216 5.548 5.721 8.65 0.401 
3.174 5.841 1.065 7.613 0.586 1.992 7.161 7.43 5.296 8.018 3.5 5.903 3.382 6.04 10.299 6.856 1.54 2.931 7.894 0.416 4.366 3.028 3.424 4.778 2.002 7.565 9.801 3.853 9.548 8.022 6.074 6.018 7.262 7.778 5.416 3.347 6.527 6.296 9.058 5.977 
2.795 2.139 1.417 5.484 1.783 5.098 8.632 9.298 7.651 8.246 10.299 4.844 10.267 7.764 3.086 4.844 4.015 10.007 7.203 8.584 7.52 3.462 7.262 9.597 5.098 3.636 6.074 2.956 8.15 2.353 2.147 4.209 3.462 8.246 9.067 8.245 2.139 6.21 9.213 5.464 
2.761 1.075 6.018 6.919 5.726 0.181 8.105 9.805 3.519 0.961 8.911 6.978 7.918 2.358 5.659 5.098 6.888 9.998 8.105 3.48 8.584 9.528 3.424 8.497 8.15 5.304 6.906 7.843 2.658 5.352 10.188 4.201 6.978 6.565 5.472 3.871 3.382 5.905 6.296 8.61 
6.684 9.298 3.294 4.366 10.021 6.21 2.782 2.658 7.644 5.721 4.444 2.782 3.321 2.403 7.843 4.157 4.778 1.999 3.174 2.403 6.716 2.782 3.972 3.207 1.792 7.306 9.801 3.207 5.22 6.624 5.999 8.669 2.982 8.044 9.405 5.222 5.472 7.249 6.05 9.129 
5.55 6.509 1.195 9.351 5.222 4.676 9.298 9.802 5.659 2.472 1.824 1.783 9.471 7.894 8.277 2.139 1.713 8.571 7.328 9.067 6.165 2.002 9.805 3.207 0.315 0.624 4.186 7.068 4.015 5.931 0.622 1.788 1.031 3.473 3.086 8.601 9.266 5.548 9.129 8.632 
9.067 5.726 6.565 3.129 7.651 8.848 2.139 6.043 5.21 4.594 4.749 4.444 4.358 7.819 6.043 5.464 6.266 8.848 7.499 6.325 7.206 1.165 8.143 8.742 4.586 0.181 7.843 1.684 0.401 7.306 5.126 1.161 8.726 3.5 10.267 7.161 1.663 5.352 1.598 3.636 
7.918 9.805 4.567 6.043 7.26 0.491 0.937 5.304 8.61 2.496 1.195 10.299 1.161 5.931 1.663 6.583 8.923 8.245 2.225 8.584 0.34 1.211 6.325 3.707 2.193 4.146 0.586 6.624 8.394 8.669 7.273 5.095 7.378 9.805 2.982 9.471 8.143 1.127 10.188 5.856 
4.269 7.819 6.189 6.953 7.644 6.565 8.726 10.107 8.245 6.919 7.249 2.472 3.424 8.601 7.271 0.387 6.856 2.147 0.34 8.848 5.416 6.635 4.331 7.527 5.098 3.207 2.225 3.129 6.018 3.519 5.185 8.394 4.78 7.948 7.203 9.067 5.095 10.007 4.358 6.946 
8.742 1.417 7.355 7.622 10.383 6.464 7.138 5.999 4.015 9.802 4.676 2.782 6.527 4.867 6.339 2.982 7.072 5.55 3.871 2.62 8.6 7.138 7.273 8.246 5.416 3.972 7.43 3.626 4.113 1.663 3.585 8.484 2.472 1.948 6.043 5.098 3.972 2.496 8.911 4.809 
4.269 3.216 1.22 8.848 3.636 5.726 6.074 8.246 2.272 5.721 5.492 2.002 8.39 8.726 8.579 3.347 2.808 8.669 1.22 1.512 3.12 6.732 2.808 9.213 1.075 7.26 1.516 1.068 1.699 9.597 8.39 1.38 7.811 6.795 1.068 7.138 0.387 6.296 2.225 0.315 
8.848 8.15 6.577 5.411 7.271 4.186 5.578 5.338 1.824 0.582 10.007 8.61 0.401 9.44 9.129 2.272 4.358 4.844 8.018 9.58 1.783 6.543 0.624 6.22 7.355 2.849 2.86 5.818 4.358 9.645 3.699 6.477 4.291 6.266 5.659 5.472 1.065 9.119 8.601 5.548 
2.808 9.801 5.523 6.834 8.6 7.651 2.658 2.982 9.351 0.315 7.811 9.528 5.905 5.659 7.843 3.924 8.277 2.808 9.351 8.849 2.576 8.742 6.627 9.351 1.22 7.355 8.923 6.624 0.961 7.161 6.22 4.358 2.029 3.473 7.151 0.56 0.181 10.267 5.999 8.514 
2.761 3.294 0.454 2.931 4.189 8.726 5.931 9.129 6.071 5.21 9.119 2.62 5.578 5.999 6.565 7.26 8.923 8.669 7.304 9.725 9.805 6.747 8.61 6.716 1.068 9.119 8.29 7.764 8.317 6.635 1.954 8.063 1.21 3.784 3.473 3.973 3.216 1.699 1.127 0.454 
6.946 9.351 10.021 5.296 2.576 7.306 9.298 2.982 7.764 4.331 0.165 1.22 1.699 0.586 8.911 1.948 2.956 9.331 6.684 3.876 6.509 6.755 6.071 7.817 9.462 7.52 6.825 6.325 7.843 1.092 8.584 7.203 9.129 1.591 1.598 6.043 3.585 8.584 1.598 5.352 
9.119 8.6 7.843 2.225 3.972 2.161 4.113 3.012 6.509 6.583 5.21 10.017 4.78 2.782 7.918 0.937 8.584 5.314 1.22 1.211 6.04 0.577 3.63 7.076 0.631 10.021 8.691 1.788 9.462 8.063 10.272 2.472 9.213 9.44 3.876 6.978 8.65 2.481 0.228 0.828 
7.304 1.512 7.52 6.018 9.298 3.207 0.828 6.322 0.401 0.961 2.62 6.906 7.249 0.624 8.848 8.277 8.105 2.496 5.142 1.699 9.266 6.042 7.651 2.591 5.527 3.294 3.321 3.028 7.306 2.782 6.832 1.512 9.266 6.373 9.78 7.764 8.726 6.834 7.644 10.017 
7.328 2.227 6.732 6.755 8.726 1.824 6.716 0.822 6.946 6.487 4.594 8.632 7.817 1.948 4.749 4.444 2.358 4.796 6.635 2.547 6.042 5.818 4.78 0.908 8.584 1.713 8.13 4.269 5.233 4.586 5.523 6.165 1.031 5.982 7.161 10.272 4.218 4.07 8.939 7.26 
7.26 7.068 6.624 1.065 8.65 8.317 8.923 6.919 3.972 3.636 5.098 3.941 3.615 6.464 2.595 8.044 9.592 0.34 9.331 4.07 5.22 7.161 9.298 0.961 1.195 6.464 1.22 2.782 4.778 5.905 5.578 0.732 7.328 3.876 6.543 6.978 4.676 4.358 3.924 6.189 
3.636 3.225 8.394 9.44 5.841 3.294 4.218 4.146 4.796 3.941 0.828 8.317 1.259 0.586 7.817 1.211 7.203 1.371 7.644 9.998 10.187 5.472 5.338 7.271 8.018 8.726 8.377 0.577 4.567 7.52 6.487 1.165 7.076 4.567 3.174 8.849 8.063 8.579 8.848 4.844 
5.464 8.605 6.018 2.139 7.499 7.203 4.972 7.016 2.595 9.88 2.472 8.6 8.394 10.107 5.21 5.862 3.575 1.783 2.484 3.086 6.477 9.725 2.002 2.595 7.203 6.565 0.401 5.578 1.065 8.911 7.778 9.597 8.571 6.627 5.856 1.681 3.424 8.691 10.383 8.747 
6.795 9.88 2.029 10.107 7.527 7.817 1.954 10.299 7.504 9.405 1.165 7.355 3.347 9.351 6.825 0.961 7.378 6.296 3.5 7.819 7.565 5.659 8.063 5.304 4.331 1.516 1.681 7.819 4.844 5.296 7.138 0.908 6.296 6.716 4.07 0.582 1.068 1.512 6.042 8.377 
3.585 4.676 7.613 6.999 4.586 6.834 1.954 4.972 6.577 10.188 7.262 2.808 7.072 1.681 1.992 2.808 8.245 4.331 0.56 7.894 2.576 8.61 6.697 8.277 6.697 3.876 6.487 1.031 1.804 9.119 8.143 7.43 8.605 6.325 8.15 5.22 7.644 4.78 7.811 6.322 
10.017 5.484 0.732 4.821 9.298 10.479 8.742 8.742 3.473 3.321 9.58 4.113 3.941 6.856 6.856 7.499 5.142 9.597 4.444 3.973 9.058 2.931 0.416 3.5 9.548 2.139 6.373 5.527 6.856 3.876 6.071 9.266 5.492 1.38 5.098 5.098 5.142 0.908 4.269 5.142 
0.961 3.626 1.771 6.732 5.233 4.844 8.923 3.482 0.822 2.403 10.033 3.924 7.52 10.188 2.227 6.477 9.213 8.691 10.188 1.031 5.659 7.819 0.937 8.726 0.908 8.377 10.479 4.972 4.218 8.584 3.028 0.454 6.405 5.21 8.245 7.504 5.338 1.771 4.291 7.527 
4.07 1.22 1.092 7.843 6.795 0.822 9.351 6.832 9.298 2.782 2.795 9.529 8.848 1.417 7.499 5.841 9.88 2.029 3.615 5.726 2.849 6.583 10.479 4.189 6.325 0.491 0.732 2.86 2.193 0.732 7.764 6.266 9.129 3.48 3.871 1.092 6.043 9.597 3.294 3.519 
7.565 5.931 2.499 3.216 3.941 7.644 1.516 9.801 0.631 3.972 8.514 1.127 4.746 2.147 8.691 7.622 3.439 9.351 5.095 6.716 2.147 8.09 8.605 9.462 9.298 5.464 7.52 0.401 8.669 8.39 4.567 2.595 6.074 2.849 1.165 1.671 8.703 8.514 3.588 1.788 
1.21 4.269 9.405 9.029 7.206 2.547 10.021 0.491 4.972 7.161 7.304 5.931 6.405 6.697 6.201 7.948 3.5 9.298 1.203 2.353 5.721 3.575 2.272 0.165 1.21 6.946 5.352 1.783 7.819 3.48 2.849 6.888 10.033 5.905 6.946 9.44 8.923 1.598 7.644 6.583 
2.496 1.699 9.266 5.523 1.699 9.802 5.818 5.982 1.21 2.499 7.068 4.809 1.127 3.588 7.811 9.405 8.742 6.825 4.676 2.272 7.843 7.206 5.523 10.188 2.547 5.578 5.492 1.663 8.13 7.151 6.888 4.07 8.29 5.338 10.107 10.299 8.601 5.862 3.585 0.624 
0.586 1.663 8.317 6.565 2.595 4.209 0.937 5.185 7.948 3.63 2.795 5.22 6.042 2.86 3.225 6.325 1.203 9.88 3.216 5.721 6.583 9.802 6.266 3.462 7.613 3.972 0.622 8.317 4.972 7.224 7.26 5.492 1.203 2.956 2.193 2.353 1.075 6.043 5.352 0.454 
4.972 1.161 6.747 4.201 5.856 0.454 5.726 4.269 6.832 7.778 3.876 3.473 0.622 1.699 8.245 6.565 7.076 3.028 7.811 7.52 6.577 5.856 7.918 6.074 2.496 2.147 6.043 6.043 1.684 8.923 9.93 9.529 10.383 5.464 5.126 4.269 6.716 6.487 3.473 6.266 
6.906 8.044 0.454 4.444 6.071 9.058 0.995 5.296 7.138 9.729 3.588 5.416 8.13 2.499 6.043 1.771 8.484 10.033 0.999 5.659 0.631 7.948 6.543 5.977 8.6 9.802 3.482 9.78 8.632 7.203 1.598 6.229 8.742 4.867 8.277 3.626 0.401 2.591 6.832 6.697 
9.645 0.181 1.075 9.266 7.778 4.113 7.203 6.487 0.582 5.527 6.999 4.113 5.659 0.577 7.26 3.207 6.322 6.919 3.626 8.65 0.228 3.63 8.326 2.353 4.291 6.189 7.613 7.277 5.492 7.076 7.817 9.725 9.44 4.331 7.068 3.924 4.972 4.594 2.591 1.161 
2.591 6.322 10.007 2.193 6.978 0.315 4.461 6.583 6.464 9.597 4.749 0.732 8.13 7.277 5.352 5.126 2.849 4.972 7.273 2.403 6.325 8.632 4.269 7.499 7.277 1.22 3.575 0.34 8.394 6.074 7.644 2.147 4.461 4.186 4.331 2.931 7.622 2.472 5.931 0.401 
4.218 1.598 5.185 7.613 10.033 8.13 8.326 2.658 8.063 8.15 5.856 4.209 3.174 4.366 6.946 5.905 9.597 3.924 6.732 8.246 5.22 0.454 3.924 4.331 6.266 6.339 5.352 7.817 4.796 5.095 8.911 3.626 0.624 0.165 9.645 9.88 1.065 1.031 3.941 5.841 
7.778 2.931 7.151 5.931 3.876 6.05 6.888 1.195 1.417 1.38 8.044 2.782 3.615 2.029 2.62 1.031 8.277 1.992 7.52 9.058 7.249 0.908 7.43 5.523 7.817 6.834 4.461 9.592 1.824 0.454 7.378 5.862 1.031 1.788 2.272 4.358 8.044 4.186 5.659 1.954 
6.04 7.778 5.841 4.146 3.48 3.207 7.622 4.015 3.5 9.298 6.071 7.072 8.669 0.315 4.78 5.548 6.747 6.074 4.972 10.267 10.021 5.472 8.601 10.188 4.146 4.218 10.033 1.684 7.843 0.715 7.811 4.78 2.225 5.095 0.631 3.216 8.514 9.405 0.577 9.266 
2.353 8.245 6.716 5.977 8.923 1.259 8.669 3.575 7.499 9.067 3.225 4.821 3.876 5.098 9.529 0.181 8.669 6.373 0.56 5.55 6.201 8.849 7.068 4.157 3.294 1.203 7.271 9.592 1.195 6.624 7.273 8.063 1.38 0.586 5.21 9.888 6.477 1.21 10.007 7.068 
10.007 6.906 3.021 4.778 7.306 0.315 6.296 1.516 5.098 7.206 0.822 2.403 3.575 8.691 6.266 3.129 8.923 0.732 0.181 4.586 2.956 7.644 4.809 3.5 9.213 9.44 4.567 1.21 1.21 7.072 9.529 10.107 8.394 8.605 7.304 9.597 1.954 0.189 6.266 5.982 
6.322 1.127 10.033 9.471 5.977 5.233 4.567 1.684 6.795 5.296 1.999 7.271 4.844 6.325 6.325 2.227 8.044 0.828 2.225 2.139 9.266 7.328 9.78 9.597 1.783 6.565 10.007 1.792 7.52 7.249 3.615 8.378 6.043 4.746 7.151 9.44 3.462 0.908 5.905 2.782 
5.314 1.792 1.512 5.296 0.732 8.277 8.105 1.788 9.298 4.78 3.174 2.62 1.681 4.778 6.999 3.482 9.592 0.908 5.352 5.982 4.113 9.802 6.071 6.543 10.033 3.294 6.919 9.405 8.584 7.262 6.296 7.26 8.105 5.548 2.782 6.978 4.209 6.583 8.669 6.755 
8.703 0.577 7.378 3.876 5.21 8.484 6.325 5.721 1.065 3.174 5.578 6.834 1.075 6.953 0.401 8.742 2.62 8.377 2.782 5.22 4.201 1.417 9.729 8.107 5.126 3.028 9.729 7.52 2.227 1.22 3.207 2.761 8.726 7.273 3.972 3.5 3.439 5.931 10.383 8.326 
6.635 7.151 1.591 8.923 0.586 3.225 1.598 4.567 4.821 0.828 1.663 1.783 2.795 9.93 2.002 7.778 8.326 0.937 0.315 5.21 2.193 9.998 6.747 9.78 5.856 7.52 9.88 7.076 0.631 7.622 1.948 6.577 3.021 5.548 4.113 5.411 2.472 4.218 3.575 6.684 
5.21 7.811 3.876 1.516 6.627 5.098 1.031 6.832 10.021 3.626 0.577 8.377 2.795 2.931 2.272 5.098 5.578 0.228 7.262 6.624 3.012 1.068 8.143 8.394 9.805 10.007 0.822 5.338 1.065 1.38 9.78 7.304 2.403 1.684 8.632 5.352 6.999 7.306 7.43 4.291 
1.681 0.822 6.05 8.484 6.747 7.271 7.016 2.353 8.923 4.015 10.299 9.351 3.941 3.473 1.516 9.645 8.691 10.267 4.157 9.645 6.565 6.732 6.296 10.383 9.119 1.992 1.671 4.778 0.491 9.266 3.021 7.918 2.353 5.472 6.201 2.982 4.015 4.594 3.462 9.058 
7.203 3.585 6.856 6.339 5.818 3.63 8.13 7.651 3.424 6.189 8.377 2.403 6.684 5.22 7.651 1.788 1.512 5.999 2.956 8.246 3.972 0.56 6.074 6.373 3.575 7.819 1.598 7.161 3.615 7.817 5.314 1.031 7.068 2.547 6.919 2.499 1.031 9.592 3.972 8.39 
2.931 3.784 2.849 6.189 2.62 9.529 8.378 9.266 5.185 0.189 9.528 8.245 7.622 4.291 0.732 2.029 2.576 9.909 7.26 0.165 6.627 9.58 5.077 6.373 7.817 6.825 10.017 4.186 9.351 2.002 9.119 10.107 9.645 3.707 6.22 6.339 9.351 6.21 6.978 3.174 
1.54 2.733 6.906 1.663 6.747 1.21 4.586 6.946 0.582 6.627 8.09 2.484 7.52 6.999 10.187 1.804 6.627 5.472 1.824 0.631 9.78 6.527 6.825 10.007 6.527 2.499 3.871 6.22 7.504 4.821 9.331 6.509 6.825 0.995 1.788 1.21 6.747 4.567 1.092 6.635 
9.119 2.472 2.272 2.576 6.325 4.746 2.658 8.747 2.956 5.484 9.405 5.982 3.585 6.624 9.58 1.211 6.795 4.461 5.721 9.298 9.331 5.464 2.353 5.999 5.527 9.801 7.378 6.747 9.909 5.22 4.146 1.598 7.52 3.5 5.22 9.266 6.832 3.699 1.699 3.207 
2.931 6.325 8.063 2.472 6.189 8.65 6.627 10.021 1.824 9.119 9.88 8.691 6.747 7.43 9.725 4.07 7.378 3.129 9.44 1.075 1.598 8.484 5.841 5.905 9.592 7.271 7.778 7.26 2.029 0.34 0.622 2.62 6.071 1.516 3.699 0.822 2.761 2.982 0.189 5.905 
7.262 3.972 3.012 2.62 9.405 0.315 5.931 3.707 3.871 7.355 6.627 8.584 1.992 3.699 9.471 5.905 0.822 6.953 5.55 10.267 1.954 7.644 7.304 6.266 9.93 8.018 6.716 0.181 8.726 2.499 1.771 7.26 3.853 3.12 6.21 9.331 4.201 2.576 3.294 4.146 
7.644 9.801 7.527 5.126 2.484 1.948 1.38 4.157 7.499 5.338 2.139 1.031 8.939 9.597 4.746 10.479 7.843 8.571 0.732 6.832 3.519 8.584 4.586 7.644 6.043 8.317 1.417 3.707 0.961 9.909 7.271 2.227 2.982 9.129 9.805 5.527 2.595 0.416 7.817 9.909 
9.909 3.699 8.018 6.074 5.472 0.34 10.299 8.326 0.257 4.746 6.22 9.058 7.52 9.471 6.953 1.259 8.571 2.358 9.597 7.129 3.636 4.113 6.509 7.271 0.828 6.04 2.353 9.405 5.856 6.229 2.499 4.209 7.224 2.576 1.165 7.778 7.206 9.58 7.651 7.817 
5.484 2.272 5.492 5.233 10.033 8.911 1.211 7.271 9.067 9.725 1.165 9.729 2.161 8.377 1.075 10.267 0.624 6.325 5.578 1.824 7.811 1.065 6.325 0.34 7.622 4.366 7.206 6.624 1.713 6.487 3.707 5.22 1.092 7.499 6.856 6.577 3.12 1.699 5.484 6.832 
7.277 0.189 2.358 3.424 7.262 6.21 7.068 5.126 1.788 5.352 8.143 1.22 4.567 7.271 5.314 6.755 4.157 6.856 1.792 8.605 6.405 6.322 7.224 2.782 6.953 9.729 6.747 5.222 3.028 1.713 10.479 7.622 7.52 5.095 3.207 9.058 7.843 7.565 6.624 0.228 
2.576 3.699 6.953 8.326 3.615 7.068 5.352 9.725 8.6 7.644 9.067 4.291 9.909 2.225 3.473 7.277 2.193 9.029 1.999 8.044 7.304 2.403 1.21 8.571 9.729 9.548 6.165 6.266 5.578 9.298 7.203 2.161 10.145 9.298 9.471 6.953 9.645 3.707 8.571 5.352 
1.681 7.819 7.651 7.52 9.351 9.119 5.484 8.514 6.296 8.65 0.582 3.575 6.296 5.527 5.841 7.918 8.394 6.732 4.749 0.999 3.225 9.805 9.298 7.817 0.189 6.577 9.129 2.472 1.713 3.012 5.185 3.5 5.55 2.547 1.417 4.291 5.999 8.669 7.918 3.294 
10.479 4.746 2.227 10.017 2.849 6.189 6.373 1.999 0.56 3.585 4.366 5.492 2.733 6.565 3.575 4.07 7.068 4.358 1.804 9.029 6.201 7.161 7.249 8.022 8.571 4.78 1.195 8.326 5.903 1.21 5.142 7.151 10.479 10.033 1.512 0.999 3.48 4.209 3.585 8.394 
5.185 4.867 8.107 6.05 1.512 1.495 6.583 7.565 2.353 7.378 5.977 0.961 1.681 2.576 2.029 2.86 3.853 1.788 0.999 1.771 4.358 3.482 1.165 0.715 0.165 6.477 0.165 7.843 3.207 4.189 3.482 3.63 4.809 2.782 7.328 9.471 7.527 2.547 9.93 9.93 
8.484 2.161 3.021 3.973 1.371 3.382 9.998 6.165 9.119 0.228 6.999 6.405 10.299 3.784 8.29 7.016 8.022 9.213 6.22 9.597 1.417 8.939 7.565 6.825 0.624 7.26 6.565 0.582 8.143 9.067 6.543 9.213 2.227 0.491 5.095 1.684 9.909 0.577 0.165 4.113 
2.782 6.732 10.299 6.043 4.586 1.824 10.017 8.849 6.755 5.126 0.416 6.953 7.651 6.201 3.707 0.454 0.995 3.871 5.484 9.725 5.492 7.206 1.999 9.351 7.527 7.918 7.129 0.491 0.631 8.849 9.645 4.189 1.495 8.605 8.61 7.224 10.479 9.645 6.716 1.38 
3.12 6.527 0.582 2.225 5.841 1.38 3.615 3.615 1.824 0.631 7.138 2.547 8.063 2.358 5.416 6.565 2.982 0.181 1.824 7.328 3.174 7.819 2.353 7.504 6.919 0.995 0.828 8.378 7.206 3.48 3.588 0.908 0.822 0.189 5.903 9.998 2.002 9.528 3.784 6.953 
7.843 5.726 0.401 7.817 9.597 3.028 3.636 2.353 3.216 10.383 6.487 5.464 6.577 0.56 1.783 4.218 5.464 6.22 8.579 9.029 5.142 5.472 2.849 1.954 2.595 6.946 7.52 2.547 6.999 2.472 8.044 0.34 9.351 6.795 1.783 1.992 5.856 3.021 8.6 9.888 
2.002 6.373 3.973 3.519 7.068 2.576 9.801 0.908 2.002 6.978 5.22 7.499 5.905 7.138 8.579 9.801 6.684 8.747 5.222 6.325 4.78 2.227 6.856 3.5 3.699 9.119 1.203 6.266 8.09 2.795 8.605 4.444 2.808 1.065 5.856 6.543 6.477 9.058 9.88 1.075 
10.299 7.565 6.405 10.188 2.472 6.22 0.401 5.095 1.663 8.377 8.377 4.567 1.371 8.143 2.193 2.358 8.326 3.473 5.999 6.325 10.187 6.624 3.129 1.092 8.584 10.145 1.165 7.328 0.181 9.528 4.201 7.811 3.439 2.139 10.107 6.755 4.157 7.138 5.352 10.021 
5.352 4.269 2.029 0.189 2.484 4.444 7.817 8.39 7.52 4.78 7.52 6.834 4.676 1.092 8.579 7.651 1.38 9.88 7.304 8.742 8.143 7.068 5.527 6.697 8.923 0.491 5.314 5.233 6.888 4.358 5.352 8.13 4.809 5.726 9.528 9.471 9.909 8.13 9.729 6.405 
3.216 3.021 1.954 6.635 7.129 4.972 5.527 2.956 4.113 4.157 2.403 8.669 4.358 4.567 9.44 7.277 10.017 8.691 8.107 8.923 7.273 4.269 9.801 8.105 3.5 5.352 6.074 1.824 0.34 1.065 10.021 5.22 2.403 3.48 6.627 8.317 7.644 5.095 0.416 4.157 
10.479 2.761 4.209 8.939 8.848 5.416 1.512 1.663 1.21 5.352 3.636 5.352 1.54 5.931 3.876 8.514 6.755 9.331 4.821 4.291 6.919 2.484 0.189 8.691 7.26 8.277 4.821 4.146 6.716 7.161 3.225 8.326 2.272 8.317 2.403 9.298 6.373 9.405 8.356 7.918 
6.201 0.454 1.22 3.207 10.299 5.905 3.941 3.699 3.382 7.328 9.888 7.355 0.586 9.548 1.54 2.161 5.304 7.778 8.939 3.636 7.076 1.495 3.615 4.113 1.992 1.516 3.784 9.725 10.479 8.584 0.34 9.44 2.547 3.941 8.326 7.262 4.821 7.527 10.267 8.691 
5.304 9.471 10.021 0.34 10.479 7.26 2.931 0.822 4.676 9.725 2.193 2.576 0.34 8.923 2.808 8.378 8.484 5.126 8.143 7.306 6.05 1.681 1.824 7.843 3.973 7.206 9.529 4.778 2.591 7.271 0.387 0.961 3.876 5.21 2.547 1.663 2.496 7.52 7.644 6.684 
5.726 6.716 5.304 10.479 2.193 7.076 9.298 0.828 7.068 4.778 7.224 2.139 8.246 9.129 2.272 1.512 7.016 1.161 7.277 6.464 1.127 6.405 3.588 6.684 9.805 4.972 9.805 7.304 7.764 9.93 1.954 9.129 4.749 5.578 1.092 3.482 8.15 7.304 5.314 4.809 
8.497 8.022 8.849 1.22 9.888 1.38 0.961 3.482 7.565 2.496 7.203 7.843 3.321 3.321 5.296 4.269 6.373 7.355 2.733 1.598 2.496 0.937 0.999 10.033 3.473 3.941 4.821 4.189 5.352 6.266 0.937 10.145 1.792 6.627 4.594 7.817 6.266 10.107 5.862 7.304 
4.366 6.583 0.401 5.185 9.78 2.86 8.377 6.322 5.578 0.491 1.788 9.331 5.411 0.586 2.982 6.22 3.585 5.21 6.201 1.598 6.795 7.161 0.995 6.919 7.138 7.277 5.548 7.304 9.93 1.591 7.26 4.78 8.143 1.165 1.788 3.382 1.516 8.022 0.995 8.669 
4.07 6.201 7.817 10.145 1.161 3.871 7.843 9.331 7.843 2.147 8.632 9.88 10.107 6.577 4.189 5.818 2.62 6.071 4.146 8.601 9.44 0.257 1.699 8.107 7.203 1.54 8.277 8.579 1.788 1.788 4.291 7.224 4.676 9.462 9.44 8.378 4.189 1.684 7.161 8.632 
8.601 2.272 9.729 7.26 7.918 2.272 2.576 0.165 0.257 2.403 3.519 2.002 1.598 3.216 1.38 6.832 7.378 1.165 0.582 7.817 2.808 6.716 1.203 1.792 1.824 10.272 1.512 0.999 1.771 3.294 7.129 5.142 4.113 6.322 4.821 9.548 2.982 7.273 0.228 8.356 
4.218 5.862 8.378 7.355 9.597 8.394 0.622 3.225 8.849 8.497 8.6 9.78 5.314 7.52 7.527 9.548 5.841 8.669 9.645 3.575 7.43 6.189 9.405 7.843 7.43 6.165 7.613 10.107 8.246 3.294 1.371 5.548 7.151 3.585 0.416 8.29 6.04 4.809 2.353 6.165 
9.058 1.999 2.658 9.266 5.222 0.908 10.033 4.218 9.801 8.726 9.725 0.401 7.378 4.113 2.147 7.778 4.461 8.484 6.946 5.22 3.439 6.583 7.262 1.165 1.999 1.792 7.249 6.577 8.326 8.747 6.325 9.298 6.266 6.487 0.491 7.948 5.142 4.78 2.139 5.856 
9.888 0.828 7.068 3.424 7.504 1.21 4.209 3.973 3.585 4.778 10.383 2.481 5.818 5.55 8.911 9.471 4.291 2.499 3.473 0.828 4.778 7.203 6.201 6.042 5.233 6.074 6.583 8.044 5.21 1.127 3.174 7.948 4.358 6.405 5.233 0.491 5.464 1.783 4.594 8.632 
0.165 6.21 5.185 3.972 10.107 7.764 8.378 2.272 6.322 2.931 4.07 9.592 1.684 0.631 2.139 7.622 1.259 6.043 0.56 6.373 7.072 7.651 4.186 2.161 2.499 8.497 5.982 5.659 2.808 8.018 9.805 7.819 2.808 0.582 1.203 4.015 1.203 9.298 4.746 2.002 
4.331 0.937 10.145 2.272 1.771 0.828 2.808 6.464 1.512 0.56 10.267 0.315 0.961 7.894 2.547 9.78 0.908 1.684 3.12 4.444 6.043 1.713 0.401 3.48 0.165 4.358 9.58 8.726 5.484 1.516 1.068 7.778 7.504 7.304 0.387 6.919 4.444 4.778 1.783 6.339 
1.092 8.571 1.259 8.246 8.6 6.325 7.068 5.416 3.216 7.43 1.54 1.371 4.291 2.733 1.663 2.62 2.782 7.306 8.65 9.029 4.796 1.075 8.39 8.65 8.703 1.161 0.34 2.139 7.129 7.894 7.52 4.157 9.78 3.347 1.512 7.764 6.583 3.876 4.676 8.245 
4.291 8.605 2.139 0.257 2.658 8.605 2.547 8.691 2.484 6.509 3.225 5.304 1.417 10.299 9.597 7.016 8.911 9.029 8.497 6.071 4.586 1.992 3.424 0.181 4.146 6.373 6.21 5.21 3.439 7.161 4.844 8.105 6.229 0.999 3.941 2.481 5.142 0.416 8.29 9.78 
9.029 4.201 8.105 5.55 4.676 7.138 6.325 7.811 8.601 9.802 8.514 9.351 6.487 2.227 7.565 8.022 7.304 8.394 4.07 6.405 5.982 1.684 10.299 4.146 6.071 7.651 6.043 3.871 7.764 1.54 6.999 5.233 6.043 1.259 6.577 3.439 10.007 5.977 6.825 2.956 
8.923 2.002 3.129 1.195 9.129 3.871 1.999 0.715 7.651 3.615 6.747 2.576 3.585 7.249 6.042 9.331 5.492 9.129 9.78 9.528 8.6 6.978 7.355 2.591 9.78 0.995 3.972 9.351 5.126 8.497 3.588 2.002 7.304 4.146 9.888 5.721 6.405 5.098 4.821 5.126 
10.272 8.632 2.956 7.355 1.992 2.272 7.304 0.165 7.819 6.229 2.499 8.61 3.973 7.203 3.086 5.523 7.161 4.78 9.528 9.529 4.809 7.355 2.227 5.22 4.586 5.721 3.575 7.651 5.548 8.063 8.6 3.699 3.482 8.317 7.151 5.464 7.918 1.22 9.129 3.12 
8.939 3.347 4.331 8.61 10.188 0.995 3.129 7.918 1.092 7.306 10.299 0.416 6.624 7.249 5.22 2.272 5.095 4.218 5.999 5.523 4.586 9.119 5.472 3.707 1.259 6.487 6.978 7.819 7.527 0.828 9.805 8.605 9.998 1.992 2.496 5.982 6.697 1.211 1.713 4.972 
8.09 8.143 5.095 8.571 8.484 7.271 5.352 5.185 6.825 10.017 5.185 5.472 4.78 8.579 2.193 1.999 10.267 4.746 8.742 6.919 2.002 2.227 5.905 7.948 6.266 6.624 7.262 4.461 10.267 1.068 8.691 0.631 0.416 9.597 0.715 10.007 6.074 5.142 1.516 7.161 
6.296 2.472 10.383 0.257 2.403 10.383 7.43 4.146 8.61 8.923 10.187 8.484 1.699 9.548 1.792 0.995 0.631 4.78 10.017 6.716 4.186 4.444 6.405 6.165 6.189 6.825 7.277 9.213 9.405 8.246 5.352 7.277 1.068 5.726 9.405 9.129 8.571 5.862 2.499 3.871 
3.174 6.373 1.031 7.817 4.07 7.224 9.351 9.998 5.523 1.203 6.22 4.567 6.999 0.828 7.817 6.716 2.496 3.871 2.591 6.373 9.58 3.439 1.598 7.203 9.266 4.07 5.233 2.576 0.582 2.782 9.213 5.22 5.222 3.699 8.691 2.591 6.042 0.961 1.211 5.523 
3.174 2.931 10.479 1.38 3.871 6.583 2.481 7.138 6.732 5.905 9.067 1.771 6.755 0.822 1.075 3.575 10.383 9.998 4.444 7.306 6.071 1.38 1.663 2.591 5.338 1.788 6.296 1.699 8.514 3.462 2.193 9.213 9.58 6.577 8.584 5.999 6.477 0.999 3.473 2.547 
2.931 8.61 0.622 0.582 3.439 4.821 0.828 10.007 2.956 5.352 5.982 3.382 7.304 3.5 3.972 6.509 7.378 6.732 4.746 5.578 7.651 6.201 5.982 5.185 4.586 4.594 10.383 6.747 0.401 0.582 7.203 7.328 10.007 1.824 2.658 9.529 4.269 8.584 6.074 7.249 
6.684 8.632 4.749 7.918 8.018 10.007 3.347 2.353 2.808 8.849 5.304 10.272 1.954 1.954 2.147 2.761 5.077 4.209 4.157 5.472 1.783 6.22 7.622 6.322 5.296 7.206 0.995 3.321 8.277 8.107 3.615 8.15 2.403 0.387 4.746 1.371 7.843 2.484 0.999 7.504 
2.139 3.347 7.016 0.56 6.732 9.462 6.834 8.484 1.075 7.378 6.018 7.817 7.819 6.22 7.43 3.853 0.387 2.496 3.174 9.119 2.272 6.043 9.548 10.033 4.461 5.338 7.271 6.373 1.195 6.071 9.805 3.626 10.267 2.193 5.841 1.127 10.187 3.347 7.843 2.499 
1.092 6.071 6.919 7.527 0.822 1.948 5.841 4.291 4.867 8.29 7.304 2.484 3.615 7.016 10.033 3.216 4.291 3.294 0.181 6.527 5.338 0.34 2.658 9.44 2.227 1.031 1.54 6.074 7.206 7.328 1.195 3.871 4.269 4.291 3.5 9.298 3.347 6.565 9.058 8.514 
7.161 2.193 1.127 9.88 7.778 0.165 0.732 6.266 7.894 1.598 0.586 4.867 1.713 7.918 2.547 5.578 3.941 10.272 3.575 2.403 3.575 5.484 6.716 7.224 8.13 9.548 3.439 3.636 2.353 3.585 6.577 0.908 9.729 9.58 9.462 10.299 6.832 6.747 4.146 6.165 
1.127 8.018 1.417 3.174 7.304 3.636 1.591 1.824 9.058 5.416 7.273 0.34 3.585 2.481 7.52 5.296 2.272 2.193 4.07 1.992 3.021 2.931 3.424 3.588 5.21 4.567 5.578 8.605 8.063 5.352 6.201 4.78 1.259 4.218 2.227 6.018 6.832 3.699 5.726 3.63 
9.058 5.222 4.209 3.784 7.016 8.245 6.201 1.495 3.028 1.804 7.355 4.586 6.05 10.299 6.266 6.697 0.228 8.514 4.146 9.213 4.07 7.52 8.107 5.338 5.304 8.911 9.44 9.528 0.181 2.499 1.699 3.707 6.527 8.61 6.165 5.982 5.726 8.923 6.684 7.843 
8.356 8.143 6.165 7.811 5.296 4.778 2.795 5.818 2.86 6.266 6.543 8.063 6.266 7.52 6.373 0.491 7.161 5.142 8.378 6.565 7.918 1.591 2.272 6.732 7.138 8.742 4.567 3.174 5.548 7.271 5.492 0.491 8.923 1.804 7.068 8.6 2.547 3.424 7.499 4.189 
1.031 9.405 2.002 9.909 0.715 4.291 6.296 6.543 7.644 7.068 4.209 9.471 9.801 7.072 3.207 4.461 7.26 2.782 0.416 7.527 2.733 6.071 7.565 9.725 2.472 6.697 2.576 3.588 1.031 2.982 9.729 6.697 7.613 9.405 7.43 8.063 0.56 8.601 4.778 10.188 
2.591 3.784 5.296 1.516 7.894 3.585 6.583 3.424 6.565 8.939 6.565 3.021 5.095 4.972 1.783 9.729 3.207 8.15 8.669 6.795 6.373 2.761 0.582 0.937 6.684 3.615 1.203 4.07 10.383 1.788 4.778 9.529 5.841 1.417 10.272 1.512 0.387 1.804 7.26 4.07 
9.529 5.352 7.52 2.782 4.157 3.321 5.818 4.676 1.713 7.262 8.143 6.201 7.306 8.277 3.853 4.867 7.151 9.058 9.471 1.999 2.193 7.613 4.015 8.911 10.021 10.299 8.246 10.017 3.225 0.454 2.658 8.497 5.862 3.473 5.296 6.978 7.306 3.924 7.068 6.477 
7.504 3.086 3.48 0.165 7.26 4.972 10.007 0.908 6.043 6.906 7.068 2.029 1.804 5.523 2.86 0.624 1.671 8.326 0.189 8.246 1.804 8.848 8.726 7.224 1.371 9.78 6.697 5.142 7.129 2.353 6.919 6.834 0.401 1.417 7.613 7.378 3.871 2.782 6.322 5.999 
1.771 8.022 2.353 0.822 7.249 2.481 0.416 4.146 10.188 7.306 6.464 8.143 6.04 9.067 4.78 9.888 8.143 7.328 4.331 5.977 2.591 5.126 4.366 6.565 6.165 4.358 4.972 9.462 8.579 0.828 5.862 8.39 3.321 8.105 1.954 8.849 4.444 5.492 5.411 8.669 
2.272 8.742 5.233 5.222 8.584 3.853 6.978 2.795 7.224 2.481 6.322 7.622 1.031 9.405 1.663 3.028 3.636 1.195 6.834 7.43 2.272 3.129 3.321 9.78 8.579 1.684 0.491 3.216 2.956 9.592 10.107 5.314 3.615 4.291 9.725 1.824 4.07 5.484 1.512 8.579 
2.484 9.129 8.849 3.439 4.778 2.481 0.822 4.746 7.304 1.417 0.586 7.161 4.113 8.063 8.669 3.321 7.072 1.663 5.472 7.817 7.644 7.129 0.165 6.325 8.605 4.461 9.44 6.201 5.523 9.592 8.923 0.622 5.659 7.304 6.405 6.322 8.246 1.999 9.266 1.792 
1.068 0.34 4.218 4.594 9.729 8.571 9.645 0.999 4.015 4.146 10.299 7.26 0.732 5.077 4.157 0.454 5.233 4.78 7.52 6.165 3.347 6.018 3.424 6.856 1.948 7.206 5.726 0.491 8.742 8.39 2.403 5.464 3.519 2.86 1.771 2.029 9.298 3.707 0.999 5.22 
6.635 1.065 1.065 9.213 10.017 3.615 4.78 6.189 6.583 6.583 2.227 4.821 6.373 1.127 1.417 6.627 5.185 5.982 1.992 2.225 8.29 10.145 0.995 7.622 5.338 5.55 8.584 3.5 2.956 7.273 6.732 3.028 4.186 2.193 8.484 0.622 6.747 4.78 5.55 6.856 
1.824 7.52 3.707 8.923 5.338 6.543 1.495 5.416 5.21 4.867 0.828 1.663 9.471 8.6 5.338 8.571 2.481 0.995 3.216 3.853 4.146 6.165 6.577 8.377 6.635 7.304 7.161 2.481 8.09 1.804 7.161 8.09 1.804 0.401 1.681 5.862 5.142 5.472 4.567 6.953 
1.495 8.601 6.825 3.48 5.338 6.477 2.62 9.78 9.129 0.165 4.78 1.21 3.424 9.529 8.584 4.146 1.804 4.78 1.127 6.405 3.12 4.358 2.225 1.671 1.591 6.953 4.809 1.22 6.043 8.356 7.651 2.499 1.681 5.22 4.586 5.077 5.411 9.067 7.129 10.299 
4.146 2.658 0.822 6.373 2.931 5.856 2.227 7.203 6.856 1.203 9.405 10.021 3.028 8.107 9.213 5.095 8.703 10.188 9.729 0.631 6.201 6.05 4.015 6.953 5.484 3.321 7.52 9.213 10.007 6.325 6.201 1.992 7.843 0.228 3.382 9.067 1.516 10.479 9.119 5.416 
10.107 1.092 5.578 4.444 9.805 9.298 0.961 0.828 3.028 0.401 8.911 5.22 1.54 1.792 3.021 1.031 3.225 6.635 5.296 4.113 0.622 6.074 1.591 8.6 9.725 6.071 5.548 7.076 9.78 5.077 8.939 6.999 1.598 3.382 8.747 2.931 5.352 6.509 3.473 6.042 
3.972 10.299 5.411 4.844 6.042 1.598 5.492 5.296 7.206 10.145 8.39 0.822 1.954 9.298 3.784 3.424 1.591 1.417 10.021 7.072 0.715 7.26 8.691 2.484 4.209 7.499 6.716 3.924 6.322 10.187 7.072 4.78 8.394 8.6 7.304 9.462 7.072 6.201 7.843 2.161 
5.098 5.352 4.331 7.811 5.304 7.068 6.405 1.771 8.063 5.548 0.165 3.482 7.894 4.461 7.499 6.627 0.387 8.747 2.761 5.841 0.454 6.05 9.645 0.715 6.322 5.856 8.39 8.09 9.592 8.911 3.012 3.585 2.193 9.909 1.788 9.805 9.351 9.266 8.939 0.732 
2.484 2.591 4.189 4.113 7.129 8.13 3.699 9.029 6.04 3.924 7.161 3.972 4.358 7.304 6.834 8.747 8.6 7.778 7.203 4.461 3.871 3.585 7.306 9.805 8.317 2.576 3.225 6.978 3.871 8.571 5.21 7.271 6.565 8.13 6.755 2.808 2.002 9.909 9.88 10.383 
9.471 6.266 4.749 6.834 4.189 6.755 7.499 8.063 9.405 1.663 1.031 3.615 7.26 5.21 1.684 9.471 7.778 1.713 0.937 7.764 2.761 2.353 6.527 7.778 3.784 0.315 4.146 5.982 6.577 2.782 7.499 4.444 7.129 7.894 0.822 7.224 0.454 10.107 5.977 0.416 
8.246 2.227 8.29 8.6 9.462 9.592 5.862 3.347 6.042 7.26 4.209 4.778 8.514 2.002 0.577 5.464 2.272 5.726 0.828 5.659 9.298 1.684 7.843 9.548 0.387 4.209 3.473 6.201 9.802 1.792 3.482 9.405 1.591 7.843 2.403 6.04 5.142 10.299 10.479 2.139 
2.808 6.527 6.373 5.721 5.077 3.174 7.565 1.127 9.592 2.358 5.492 5.185 10.383 3.972 7.076 6.325 6.856 8.849 0.181 7.203 7.52 8.849 8.61 3.699 7.52 7.271 5.548 7.43 4.746 6.05 1.663 7.43 7.304 9.888 6.043 8.356 9.802 5.659 6.042 8.326 
6.856 1.783 0.416 4.07 7.304 4.972 2.595 5.841 6.322 5.142 5.352 6.043 10.033 6.755 5.977 4.209 2.161 6.071 0.454 5.659 7.764 7.499 6.565 7.072 0.586 1.068 6.042 0.228 5.818 5.721 3.439 8.632 6.05 4.218 3.626 0.189 8.377 6.296 8.246 6.071 
3.924 5.352 1.22 3.225 7.224 8.747 2.591 1.948 7.249 5.185 3.462 9.405 4.189 5.484 4.796 1.417 5.338 3.473 7.016 2.591 6.325 2.795 1.671 4.157 5.977 0.491 9.529 6.189 4.749 7.203 6.165 3.12 6.229 6.906 4.749 6.074 3.871 7.068 8.063 9.597 
4.461 5.126 1.713 7.843 9.93 2.658 5.903 4.218 8.703 6.747 3.207 10.188 1.792 0.631 8.484 8.579 7.206 0.315 7.778 0.908 9.78 2.161 3.174 7.843 6.946 6.543 1.788 3.876 2.86 8.022 8.317 0.822 4.444 8.605 1.512 6.05 3.473 6.018 8.939 10.107 
8.632 3.207 3.012 1.161 3.439 3.207 7.918 8.29 2.795 8.13 0.622 7.304 4.586 3.086 9.78 6.999 9.725 5.464 4.749 1.075 6.464 7.622 1.671 2.227 4.461 2.272 6.074 2.595 0.908 7.894 3.973 3.473 5.077 10.021 7.129 0.34 4.444 0.732 7.52 8.497 
4.269 3.626 8.018 2.225 3.972 4.809 1.203 3.462 10.272 5.484 1.031 7.565 5.721 4.444 7.306 1.671 6.888 2.225 2.591 2.029 0.34 7.076 6.999 1.21 7.819 3.021 7.304 4.676 3.216 1.699 8.246 8.317 4.749 8.143 0.961 2.576 2.595 1.992 4.844 5.222 
9.331 9.645 7.304 8.601 5.523 7.076 9.528 6.755 5.726 3.871 1.417 5.304 2.591 8.378 9.93 6.627 6.165 9.93 8.669 6.509 10.479 5.721 0.732 10.267 5.185 1.068 2.272 5.982 8.742 4.867 8.579 2.782 5.726 10.299 2.484 9.729 1.21 4.157 3.439 6.339 
2.795 8.245 7.306 6.825 10.188 7.918 7.817 9.88 3.382 8.105 7.206 0.34 2.658 6.627 1.417 9.266 5.523 8.377 4.113 6.22 6.018 5.905 6.832 2.499 3.941 7.328 2.472 3.086 0.999 2.496 2.272 8.849 5.142 6.825 4.186 1.21 3.588 6.583 3.12 0.165 
2.225 0.189 1.771 5.098 2.139 0.56 3.871 6.339 4.867 1.21 4.844 5.098 9.805 3.871 0.401 3.086 2.849 10.007 1.671 5.841 3.473 7.016 2.576 6.583 7.613 5.726 8.022 2.849 3.424 6.074 1.783 8.703 6.165 5.726 1.788 6.071 8.571 6.071 3.086 1.598 
9.298 1.203 9.548 1.21 7.203 7.072 10.021 9.801 9.213 6.999 9.805 6.832 2.358 7.355 8.277 6.834 1.598 4.746 6.074 7.138 6.888 6.373 3.012 1.068 5.338 7.378 6.953 5.22 0.491 7.161 6.832 0.181 10.187 7.613 6.732 1.512 6.477 5.185 5.484 0.315 
1.999 1.999 6.339 8.15 1.092 9.592 7.355 2.499 3.973 10.017 1.788 5.492 7.527 0.189 9.645 9.331 1.713 7.304 5.905 5.304 4.594 6.953 1.075 7.277 0.315 6.825 7.43 3.575 10.272 6.266 5.472 3.941 4.676 4.218 9.029 1.031 6.339 0.387 1.948 5.931 
8.377 4.844 8.105 8.579 2.658 7.843 5.352 5.077 8.571 3.424 4.867 4.844 8.063 10.272 3.021 3.021 8.605 3.871 9.58 8.571 4.291 3.588 0.995 2.029 3.382 3.086 2.193 8.378 3.382 6.624 8.107 6.624 0.732 5.352 7.622 6.565 9.548 7.273 9.998 8.726 
10.033 7.26 6.325 5.304 8.378 5.222 1.203 6.509 2.595 0.56 5.352 4.594 6.509 2.353 7.161 1.54 7.304 7.203 6.888 9.266 7.304 6.325 6.732 2.931 8.497 1.495 8.6 5.472 5.659 9.067 1.783 0.181 8.022 0.732 2.849 3.347 0.257 3.207 7.504 8.378 
2.982 7.161 7.304 1.495 9.44 8.377 6.906 1.954 4.567 0.732 0.582 7.249 7.26 6.04 7.811 9.298 8.022 7.843 8.848 0.622 0.228 9.645 1.495 4.778 8.571 1.417 2.982 8.107 3.216 7.504 6.953 6.978 2.481 8.484 10.479 8.044 8.484 5.492 3.482 0.34 
5.304 6.999 6.071 10.188 4.844 8.61 1.954 1.681 7.224 8.911 8.601 7.277 8.107 4.844 10.272 3.871 2.353 10.299 1.068 9.592 7.843 10.383 10.187 4.821 7.843 8.584 2.472 2.147 7.43 0.257 7.43 7.076 10.272 6.906 2.795 0.491 8.61 7.843 1.783 5.721 
5.548 4.015 3.588 6.405 9.528 8.317 2.86 0.387 2.193 6.906 4.157 3.086 7.206 8.246 8.39 1.783 4.218 7.129 1.031 2.353 5.314 8.579 8.15 6.042 6.266 6.543 4.186 5.338 7.262 9.592 8.579 6.201 4.867 4.444 8.848 3.5 1.598 3.028 4.186 5.352 
1.713 6.21 4.749 7.843 9.78 5.411 7.203 8.044 2.472 3.225 8.018 5.55 9.298 7.304 2.161 6.339 8.378 9.331 7.843 2.982 9.597 5.578 0.732 4.157 4.201 4.444 6.543 4.331 10.383 10.267 2.358 3.853 6.747 6.583 1.195 3.973 3.48 9.528 6.229 2.591 
8.61 3.585 10.187 3.482 2.161 3.021 2.484 5.726 3.707 2.481 8.317 9.801 1.211 4.821 1.38 9.998 3.294 6.755 5.492 6.165 5.222 5.982 7.817 6.464 6.906 8.6 5.352 2.576 3.63 2.499 8.105 0.34 7.138 8.571 5.21 8.063 2.029 7.161 5.077 0.315 
4.78 4.218 0.228 10.299 5.862 9.471 5.856 8.703 6.04 3.575 4.78 0.999 4.07 9.331 6.919 5.077 3.439 6.565 5.304 5.464 6.296 4.567 6.229 5.22 10.479 9.029 6.21 1.771 1.783 2.982 9.129 7.622 0.822 3.972 6.543 7.764 2.658 8.394 9.528 6.165 
8.356 1.075 0.181 6.266 8.514 6.201 9.88 2.161 7.206 5.982 2.353 5.185 0.257 8.61 7.918 8.742 2.733 7.273 0.828 7.072 6.074 5.726 3.636 5.314 8.018 0.622 1.699 7.378 1.684 7.527 7.271 9.78 6.732 2.86 8.018 3.021 0.631 6.888 6.527 6.043 
0.961 0.631 9.471 3.973 4.821 9.78 1.092 10.272 5.726 4.358 1.092 6.527 9.725 4.676 6.755 8.923 9.801 6.577 1.663 7.613 5.314 1.788 0.491 8.669 4.749 9.802 6.953 7.918 10.267 3.174 4.778 8.277 6.832 0.165 10.021 10.188 8.245 9.44 1.713 8.571 
2.849 9.729 6.684 8.923 6.888 1.671 1.495 5.304 5.856 6.04 8.571 8.923 6.856 6.795 2.733 9.529 9.78 1.783 0.577 4.567 6.04 1.663 1.211 5.905 7.764 5.472 4.867 9.331 2.795 1.068 1.792 3.876 8.669 6.716 4.972 7.129 5.233 6.825 8.09 1.684 
4.015 5.527 4.291 6.373 2.86 8.245 0.937 8.105 0.189 9.462 5.126 0.189 1.804 3.347 9.266 6.071 2.576 5.856 0.257 8.923 9.805 9.129 6.627 1.127 8.669 8.939 6.266 8.143 2.595 0.416 1.38 6.018 6.747 3.973 9.802 1.591 4.146 7.161 7.504 5.098 
1.663 9.548 2.147 9.805 6.635 6.747 3.585 9.645 9.058 10.267 9.462 0.181 8.15 7.527 5.492 1.495 5.314 8.044 7.622 1.371 6.795 8.143 3.424 9.93 0.228 2.353 6.487 7.161 3.174 1.771 6.635 0.937 7.138 3.575 10.272 3.028 4.778 7.613 1.127 8.923 
9.471 5.185 8.939 1.999 4.146 4.844 6.339 6.543 6.716 5.982 8.326 8.277 3.973 1.804 0.491 5.841 6.999 9.462 9.645 1.22 1.38 4.778 2.484 9.528 8.65 3.225 9.801 4.972 8.356 1.948 1.259 7.764 7.811 8.378 0.624 0.56 4.809 2.002 4.269 9.909 
7.203 1.788 3.519 3.439 6.043 3.086 2.499 7.843 6.946 8.018 2.481 4.749 7.203 1.999 1.495 2.595 6.684 4.218 1.092 5.222 6.565 6.071 0.416 1.954 4.015 1.54 7.26 2.595 8.61 6.906 5.55 10.187 3.382 6.229 6.999 5.098 4.567 9.119 9.298 3.028 
8.691 6.05 3.086 9.645 4.113 5.233 3.941 7.499 2.496 7.277 2.225 7.262 6.509 8.514 5.21 10.383 9.548 9.729 5.098 6.477 5.659 9.725 6.543 2.472 4.189 8.105 3.575 1.788 3.48 9.067 5.185 2.499 10.107 1.948 8.61 2.272 8.65 6.635 8.09 9.029 
4.586 0.181 2.86 2.547 6.071 1.512 9.78 3.876 6.477 5.492 8.15 1.165 2.227 8.584 3.972 5.233 9.298 2.591 3.12 1.165 2.982 7.072 7.764 3.482 5.527 4.461 5.296 1.075 10.021 4.07 2.956 9.058 7.26 0.165 9.058 4.676 5.411 1.127 8.691 8.246 
0.586 9.462 7.819 8.6 1.203 5.464 5.21 7.622 4.113 9.129 7.161 8.356 4.809 1.075 1.804 9.805 8.61 5.464 9.462 8.377 1.38 0.937 8.09 8.632 9.645 0.228 4.778 2.472 8.09 2.484 8.691 9.93 3.784 7.224 5.22 8.939 6.832 3.519 5.472 7.843 
5.862 0.257 8.326 8.022 1.075 6.565 9.729 6.919 1.068 7.249 2.782 3.615 5.314 6.22 0.732 3.482 3.174 1.54 2.576 4.676 3.021 0.631 6.978 6.888 0.961 1.824 1.161 2.272 9.909 9.805 5.484 6.373 9.78 9.462 7.068 8.022 8.939 0.189 2.761 5.484 
7.651 10.267 1.512 6.832 7.778 9.805 1.031 3.853 6.201 7.072 0.732 5.977 0.577 1.713 8.669 10.272 1.771 9.351 1.165 5.492 9.471 5.338 4.07 6.527 9.592 1.21 8.022 1.771 2.161 4.567 3.021 9.592 7.778 4.844 7.306 5.338 2.982 2.139 5.484 9.592 
5.977 1.165 0.999 5.098 5.55 1.512 10.188 5.126 5.905 6.825 6.635 8.394 6.296 1.663 5.527 6.795 0.228 0.181 5.818 6.229 7.378 6.543 7.355 9.528 4.331 5.903 3.129 8.105 5.548 5.548 1.591 6.339 4.809 9.351 5.304 9.529 9.119 5.484 5.726 6.635 
7.262 6.624 2.795 2.147 2.547 1.663 3.5 5.492 9.888 6.074 7.262 8.514 2.591 8.584 7.504 8.691 5.411 8.15 8.691 6.322 9.805 8.691 6.755 7.138 4.461 3.225 6.565 0.624 8.15 2.808 6.296 8.747 0.622 8.911 8.923 5.098 7.271 1.681 6.042 1.999 
3.924 1.788 6.487 6.747 3.207 4.218 9.802 7.277 4.157 6.339 6.189 7.504 5.721 7.068 5.856 5.185 2.161 5.411 2.272 1.417 1.999 7.138 6.322 1.591 3.021 8.849 5.523 4.201 6.906 5.721 5.185 2.62 7.129 6.405 6.747 2.931 7.843 10.272 5.314 6.684 
6.624 5.492 7.271 7.811 4.844 10.479 1.127 7.948 6.716 0.586 5.484 8.29 7.811 6.627 7.894 5.999 2.658 7.499 9.331 4.594 8.356 2.272 8.356 0.577 4.461 1.031 10.187 1.38 6.953 0.315 1.259 2.547 5.411 9.067 2.591 4.113 6.043 4.157 7.076 3.853 
7.306 9.058 3.294 3.626 1.512 9.331 8.601 5.222 5.862 8.063 7.304 1.127 4.746 3.5 1.999 3.028 1.792 0.181 7.504 0.34 10.107 0.624 5.982 1.992 8.939 2.782 6.627 8.584 8.277 7.644 3.086 9.88 5.095 4.189 1.495 5.659 7.622 7.499 0.491 3.972 
5.856 5.21 7.894 3.876 9.729 2.849 7.817 8.09 1.598 8.939 8.356 7.306 5.578 2.931 8.632 6.464 9.802 4.594 3.575 1.713 6.543 2.029 10.145 6.627 6.946 5.659 6.577 5.296 8.911 5.55 7.52 4.201 9.805 7.262 7.622 9.058 9.888 0.624 4.972 6.373 
9.067 5.999 7.817 8.105 3.636 8.143 8.39 3.588 5.233 2.227 4.746 6.919 8.245 3.028 0.387 7.224 7.811 8.107 9.597 9.405 7.072 8.61 5.55 5.818 6.487 9.909 3.462 5.982 6.755 5.578 7.843 3.48 8.13 5.233 4.809 0.937 6.165 3.519 3.012 9.998 
9.909 10.033 8.245 2.795 8.246 7.206 6.464 5.548 6.747 0.732 9.44 5.095 4.676 5.338 5.999 6.042 2.272 7.161 4.567 9.909 3.086 7.378 9.029 5.411 8.939 4.749 2.547 7.306 6.042 6.732 2.956 9.725 0.586 1.771 0.416 6.189 2.849 3.941 7.129 6.888 
1.792 2.499 6.747 5.841 3.707 10.267 3.12 0.631 6.953 6.583 5.903 1.161 8.61 10.033 7.068 8.326 0.828 1.371 0.961 5.523 10.017 5.126 4.186 6.464 0.56 5.411 9.44 6.339 4.189 8.143 6.946 0.491 3.462 9.528 2.161 4.867 9.93 5.905 9.471 6.042 
6.577 4.444 3.707 6.697 5.22 7.224 6.906 3.086 0.416 3.636 4.594 4.291 1.165 6.074 7.644 6.953 6.325 2.782 6.919 9.058 8.747 2.147 7.644 2.225 1.992 5.126 7.811 6.527 6.074 6.464 0.715 1.38 9.729 7.622 6.189 8.601 7.304 9.528 7.778 7.527 
1.804 6.697 5.233 3.626 8.849 8.584 5.484 0.822 3.462 9.529 3.439 5.856 6.888 6.583 7.206 4.201 1.516 6.05 6.795 2.002 3.216 4.844 0.995 4.676 3.12 6.732 9.548 5.726 6.583 9.88 4.594 6.074 0.622 0.577 9.44 6.509 6.074 7.273 4.567 5.142 
2.761 2.658 6.825 2.002 2.658 2.849 8.514 1.22 0.56 4.209 2.002 2.782 9.266 3.699 7.203 5.304 8.245 2.547 7.355 4.567 1.681 5.523 6.296 0.995 9.802 2.547 8.497 10.187 10.017 6.577 1.068 8.29 9.729 0.315 8.579 5.527 4.157 4.291 6.888 6.071 
2.808 2.272 5.126 4.366 5.304 6.189 1.771 1.203 9.298 7.161 9.528 3.972 6.577 8.246 7.644 1.54 8.245 3.699 5.931 5.095 5.578 6.229 6.624 2.353 3.636 1.495 1.663 5.862 7.918 5.472 8.063 1.992 5.304 4.444 2.139 3.615 4.331 8.105 4.972 4.146 
5.472 5.492 5.903 6.583 2.484 0.822 6.043 6.795 7.499 3.5 9.529 10.007 6.795 1.38 0.577 4.778 9.805 3.012 3.086 8.394 6.296 5.578 7.565 4.972 7.273 1.663 1.992 5.905 2.808 1.21 2.733 6.946 9.298 3.294 1.681 10.188 10.145 6.05 2.147 1.161 
8.584 0.387 5.659 7.644 4.209 6.043 3.871 6.747 3.871 3.462 8.15 3.519 4.358 7.161 8.246 1.092 8.923 3.519 2.982 1.598 2.576 7.918 5.492 8.29 8.39 10.021 3.63 0.582 9.266 6.716 5.659 7.161 0.181 1.681 5.548 3.853 7.527 1.992 10.479 4.676 
9.597 4.749 5.304 5.578 9.029 10.033 8.107 9.331 4.78 4.015 6.165 8.277 6.509 6.189 9.597 6.527 10.145 6.834 8.939 1.992 3.707 9.548 4.186 0.315 4.586 3.021 2.225 7.161 6.373 5.338 10.299 5.484 6.527 2.002 6.978 2.591 3.48 6.074 1.211 3.924 
3.028 6.339 7.504 1.598 6.229 8.742 5.55 5.903 8.13 8.747 4.809 7.651 5.352 10.107 5.098 6.322 5.721 3.12 7.651 5.999 1.031 2.982 1.713 8.277 6.464 0.937 8.09 7.918 2.496 3.615 9.597 9.88 9.729 4.157 5.721 7.273 5.492 4.844 6.583 2.472 
3.225 6.04 5.077 6.018 9.528 0.715 8.317 10.267 3.321 5.527 0.822 0.56 5.411 3.575 6.018 1.065 3.207 5.818 7.504 4.291 10.267 4.821 1.417 6.565 0.165 8.601 8.29 5.098 8.018 2.029 1.417 1.999 5.578 0.416 4.015 6.189 7.843 7.504 2.576 7.138 
3.924 3.086 5.977 9.805 8.13 8.911 3.424 7.271 3.585 7.068 4.186 3.021 0.582 0.416 8.848 0.937 0.416 3.174 6.583 5.233 1.671 4.358 5.721 8.484 3.439 2.595 7.129 7.129 6.201 5.296 4.461 6.697 6.747 5.233 1.21 10.017 8.394 6.04 7.138 5.862 
3.424 7.622 3.439 5.523 1.54 6.405 1.771 5.977 2.496 9.44 7.52 6.919 6.527 8.063 6.509 3.5 3.207 7.894 8.703 1.203 9.298 0.416 5.352 3.216 5.726 7.817 7.304 9.801 8.378 6.165 8.143 3.086 7.811 8.326 5.472 6.906 1.21 2.484 1.999 6.464 
4.844 7.764 7.224 7.224 6.22 7.161 4.189 7.076 7.499 3.784 1.161 4.146 8.13 0.586 1.699 7.843 5.352 6.953 5.304 3.129 8.747 2.272 0.961 8.691 5.21 6.627 7.52 10.107 9.725 2.62 9.645 3.585 5.233 6.624 7.613 9.802 3.321 6.888 3.636 9.998 
5.233 10.267 10.145 4.015 5.548 6.627 2.931 5.304 3.462 4.201 3.174 1.948 8.848 2.86 1.371 7.504 10.299 9.801 7.819 5.095 6.266 9.801 2.761 7.355 2.029 10.107 3.482 8.579 6.856 1.065 5.977 3.615 8.022 9.298 5.22 1.371 4.358 2.576 7.43 1.195 
5.314 9.462 10.033 1.663 0.631 6.832 2.139 3.519 7.304 4.444 7.52 8.742 2.481 10.383 9.405 0.828 6.229 8.632 6.322 2.761 5.185 10.299 2.547 2.358 4.749 10.145 1.092 8.377 1.699 7.271 1.417 5.999 2.472 9.471 8.703 4.676 4.586 8.317 8.65 1.663 
6.999 2.595 8.923 1.512 6.043 7.613 8.15 2.484 6.322 8.605 1.065 8.691 7.262 5.472 10.145 6.543 7.328 4.366 8.15 8.669 6.953 6.018 2.591 5.55 3.207 4.146 5.982 1.663 6.325 1.788 7.819 9.529 9.592 8.317 2.496 5.527 2.761 3.941 7.948 1.203 
2.002 4.972 6.074 4.146 2.353 2.62 4.291 9.462 6.834 9.802 5.726 1.165 8.317 3.12 1.165 4.366 6.04 6.543 3.871 6.296 7.068 0.165 6.464 6.565 0.828 8.277 3.588 1.591 0.401 8.29 5.464 8.39 7.52 4.746 1.824 4.461 6.04 4.201 1.203 7.206 
2.002 3.086 4.844 1.211 5.659 5.721 4.157 7.43 7.138 4.821 8.669 7.016 8.497 2.484 2.193 6.543 2.227 0.999 6.339 6.888 7.894 5.862 6.732 4.821 8.246 8.61 4.821 8.849 1.684 5.659 2.161 0.715 3.086 6.043 2.161 0.416 9.592 9.88 7.499 5.095 
5.22 6.832 5.338 8.044 10.107 9.58 5.098 1.512 5.659 3.876 7.843 7.306 3.021 7.161 3.382 0.56 2.782 6.229 6.373 1.792 8.939 3.63 1.165 7.273 7.644 2.931 1.783 8.29 3.294 7.26 6.189 8.923 8.632 3.462 0.631 5.999 3.784 3.941 7.306 3.294 
3.5 7.306 7.161 5.233 0.56 1.788 1.161 6.684 9.119 0.582 1.068 7.948 0.454 7.811 8.848 3.871 2.86 8.726 7.651 8.378 3.347 9.351 1.792 4.749 7.378 2.272 4.594 7.068 5.903 4.749 6.201 2.956 4.461 3.48 9.802 2.849 5.903 8.277 1.681 3.615 
7.304 2.808 4.291 6.999 3.972 5.905 2.591 0.189 7.52 6.919 10.267 5.977 3.63 4.218 2.481 0.257 1.195 8.39 5.903 7.843 2.484 0.995 6.296 6.405 5.999 7.52 8.939 1.031 6.189 0.582 7.499 0.34 4.218 9.213 0.995 4.749 1.948 5.416 8.143 0.454 
8.246 5.472 6.953 4.186 5.464 1.671 6.21 5.862 2.353 3.48 9.528 4.07 4.331 5.523 6.018 0.822 0.715 5.903 8.923 5.931 7.262 8.107 7.504 5.142 6.266 8.044 9.888 0.491 6.325 9.909 6.732 7.622 5.126 2.358 8.584 4.844 3.028 8.726 9.471 4.291 
4.444 5.142 4.366 4.972 4.821 5.296 7.206 5.659 1.824 2.658 3.129 3.626 7.52 10.187 3.871 9.805 0.416 7.43 10.187 8.497 8.317 5.726 1.092 6.627 2.591 6.509 9.029 6.229 1.065 1.127 5.296 3.972 8.669 2.982 6.583 6.074 5.659 4.586 5.982 9.548 
6.21 7.355 2.496 2.658 5.999 1.948 4.218 0.631 1.598 8.022 9.88 8.848 3.294 5.296 5.492 0.999 6.477 10.272 9.058 7.819 8.742 0.586 3.207 7.52 5.21 2.658 6.919 7.778 5.977 5.472 7.378 5.472 6.834 10.021 2.761 5.142 5.726 7.304 8.105 6.018 
6.834 8.849 5.185 3.972 5.856 3.588 2.733 9.405 7.622 0.315 8.29 7.304 9.888 2.403 8.105 2.982 2.982 9.529 7.644 1.371 3.012 6.978 4.586 3.585 8.484 8.356 1.22 3.941 3.63 1.127 5.233 2.62 10.299 7.843 4.366 6.856 6.716 9.331 4.809 7.273 
2.62 5.527 5.126 2.795 4.821 6.565 1.203 8.923 4.186 1.495 8.022 5.314 2.472 10.187 9.405 6.043 0.165 0.491 4.189 2.86 4.366 2.782 10.383 2.484 10.021 4.015 8.317 8.063 7.26 8.579 4.567 4.209 10.383 9.266 5.416 0.416 2.161 5.55 3.784 0.491 
2.761 8.245 1.211 8.601 0.454 7.161 7.778 1.671 9.93 8.6 2.484 4.015 4.218 2.358 4.796 9.645 7.262 0.582 6.635 2.225 3.12 0.189 0.315 2.808 6.477 5.21 4.366 8.022 2.161 6.825 4.586 5.464 7.271 8.29 1.992 6.577 7.355 6.201 10.479 3.519 
9.998 8.063 7.811 9.729 2.496 1.954 9.213 7.948 7.076 4.209 8.13 7.811 7.918 1.999 6.464 8.022 6.21 7.206 9.729 4.07 5.472 1.681 6.201 2.808 6.856 8.063 1.992 7.203 4.746 9.802 4.269 4.778 9.58 4.586 2.808 1.195 6.946 3.707 0.622 1.663 
6.834 2.499 2.795 2.403 8.747 2.782 4.778 0.937 2.272 1.259 5.222 5.721 8.29 2.472 6.339 7.565 4.78 7.129 5.095 8.326 2.353 6.043 6.373 7.355 6.906 3.519 7.811 6.071 6.043 3.5 4.209 7.651 1.684 4.676 9.213 10.033 4.676 7.016 6.22 5.578 
4.358 7.068 6.825 3.575 5.126 5.905 4.676 9.805 4.157 6.583 6.21 3.482 3.382 1.161 9.213 7.262 5.098 6.04 3.924 7.948 3.321 8.09 1.161 2.658 8.143 2.808 1.371 7.811 6.04 10.299 2.029 4.78 5.977 2.795 7.918 9.213 7.151 8.584 3.321 1.417 
6.834 3.294 7.016 0.631 4.366 5.841 0.622 6.888 7.224 3.615 0.624 7.811 0.822 7.26 6.888 0.181 9.462 8.484 6.795 1.663 4.461 7.43 4.366 3.973 2.658 7.26 7.26 8.911 1.671 6.325 3.924 2.147 7.43 1.512 4.778 0.491 7.499 10.107 9.93 0.715 
4.269 0.732 2.795 3.871 4.461 4.366 1.512 0.908 3.321 5.999 7.378 7.306 4.78 6.018 1.992 1.699 6.627 7.764 0.715 6.04 6.266 3.5 4.778 3.482 0.165 5.977 9.405 7.206 1.713 8.6 4.746 10.299 5.818 10.021 9.597 5.126 6.074 9.351 1.591 1.259 
5.126 4.366 7.273 3.63 1.092 4.461 4.676 8.378 7.072 7.277 0.165 0.491 2.795 7.843 5.126 8.107 4.146 9.119 1.092 7.43 3.174 9.801 6.795 5.185 8.107 5.905 7.304 6.043 5.818 7.328 5.464 3.207 9.129 7.894 6.577 9.44 5.977 5.352 8.923 3.784 
5.903 7.328 8.849 7.948 7.328 6.825 1.203 7.644 1.684 5.126 5.726 9.405 9.78 9.058 6.953 9.471 3.207 7.151 0.416 8.747 9.266 9.528 0.454 2.782 6.716 8.514 8.703 8.29 7.843 6.201 10.021 1.792 1.824 5.931 5.338 4.07 3.216 8.669 8.245 2.484 
6.339 5.233 6.22 9.597 1.211 5.338 10.272 8.911 2.496 3.707 9.119 2.029 4.269 1.992 9.78 1.075 2.931 1.031 6.527 10.479 9.213 5.22 4.796 6.946 9.592 2.496 5.856 8.246 2.227 5.416 5.492 2.982 4.594 0.828 4.567 7.52 2.782 6.042 9.998 10.383 
3.973 6.978 0.181 7.622 5.21 6.624 3.207 8.497 3.482 6.464 5.185 5.098 2.139 4.972 5.721 1.371 0.454 1.161 2.956 8.107 7.778 5.977 8.703 3.784 4.358 1.954 6.322 9.998 3.225 1.21 7.613 7.52 2.761 1.495 3.482 6.325 6.21 8.29 1.663 5.856 
4.844 6.953 0.828 8.6 3.575 5.352 7.811 7.068 5.977 1.075 9.548 1.495 0.822 8.571 4.78 10.017 8.15 1.788 2.576 4.867 2.139 0.34 1.954 3.294 4.218 8.514 5.527 0.491 8.579 7.378 10.188 6.189 1.792 7.161 1.999 8.105 3.941 10.007 6.043 7.151 
0.995 9.805 2.795 8.726 1.771 4.78 0.732 8.579 3.972 7.948 0.34 0.828 5.982 7.651 2.782 1.684 9.805 6.04 8.911 3.321 9.029 3.48 5.185 7.378 7.161 10.007 6.05 8.747 8.39 7.262 2.472 2.353 7.811 8.669 6.405 8.726 4.594 5.903 8.107 7.52 
7.306 7.622 8.143 3.439 3.853 6.487 6.978 0.961 0.937 2.658 8.923 8.484 6.834 1.681 7.271 0.228 3.636 7.161 1.127 1.127 7.161 2.472 7.764 8.377 4.821 8.61 8.143 7.52 7.778 4.594 4.778 4.676 6.953 1.684 6.043 1.681 8.13 1.663 9.029 6.755 
5.726 8.61 1.21 7.328 10.267 3.941 0.577 3.871 7.778 7.894 9.44 7.894 6.043 6.042 0.189 2.002 9.78 7.948 7.43 8.105 10.033 7.26 5.721 9.528 5.126 2.591 0.165 6.043 1.684 6.201 1.161 8.245 1.38 3.086 9.58 8.484 6.577 3.588 10.272 8.632 
8.394 2.272 8.742 9.801 5.185 6.325 8.601 8.65 1.788 2.956 0.937 2.272 6.583 5.659 1.992 1.783 2.86 6.527 8.022 1.54 5.222 6.509 0.454 2.484 4.972 5.233 9.592 5.352 4.867 4.366 7.161 1.259 3.12 1.992 6.732 5.659 2.225 5.977 8.726 3.853 
3.382 6.043 1.992 9.471 8.245 4.218 3.973 1.788 9.88 4.867 4.796 1.516 4.594 6.201 9.725 7.161 1.417 0.999 6.22 9.331 5.726 9.729 2.62 3.012 1.598 1.699 3.424 8.579 9.331 4.796 2.499 7.151 5.977 3.941 3.626 0.582 2.272 7.273 8.394 9.998 
8.063 4.461 1.999 7.26 8.923 3.871 3.207 6.795 6.405 8.394 4.749 10.187 3.439 1.804 9.801 1.495 1.713 4.749 7.651 6.373 7.306 7.277 10.187 5.931 6.583 3.294 4.796 5.856 4.358 4.209 7.161 9.592 0.732 5.721 8.61 6.018 0.491 7.819 3.216 5.126 
8.378 8.107 3.439 1.992 9.213 3.585 4.676 8.378 0.908 6.018 5.416 9.592 6.832 3.626 8.742 9.78 5.721 4.358 7.843 1.992 3.207 3.021 9.405 0.622 6.21 0.582 8.911 1.788 3.347 7.651 0.631 6.856 3.636 5.841 3.347 3.129 6.888 2.982 8.143 1.771 
8.601 5.352 8.044 8.09 4.358 9.213 6.888 1.992 6.165 9.462 1.699 5.903 3.876 2.403 0.56 6.635 5.818 8.277 8.277 2.353 5.464 4.218 2.481 8.378 10.033 5.492 5.098 9.266 2.62 8.29 3.973 3.876 7.161 6.05 4.746 6.577 2.472 9.129 7.224 8.632 
6.684 5.721 2.591 3.382 1.954 3.784 4.676 7.43 5.416 5.931 5.416 8.107 0.181 1.783 3.876 5.523 1.068 0.624 8.601 0.454 10.107 8.61 9.331 2.225 8.105 7.26 9.888 1.54 7.52 1.516 0.631 6.716 3.924 7.819 10.187 7.273 9.725 0.189 1.992 6.05 
5.222 0.937 5.931 6.684 8.61 9.597 10.479 6.697 0.416 0.315 5.931 2.591 7.249 2.403 7.072 5.338 1.371 1.127 3.63 1.22 7.843 4.567 3.48 8.29 1.591 2.808 1.065 7.203 3.585 2.849 3.12 7.016 6.042 6.042 7.504 1.065 3.294 8.726 5.999 1.948 
5.21 6.487 6.04 3.424 1.516 5.352 3.321 6.464 1.824 3.972 9.529 8.063 5.098 6.322 3.636 7.262 9.645 6.953 9.805 6.583 3.347 10.272 7.948 7.26 4.07 1.495 0.416 4.78 10.017 8.911 9.58 1.21 7.304 5.903 7.277 9.129 1.948 7.811 7.622 1.21 
7.948 2.956 6.747 0.401 6.229 1.788 6.325 1.824 1.417 6.527 6.716 4.157 1.512 5.296 1.598 0.937 9.129 0.387 6.071 5.098 9.529 2.193 10.033 7.918 5.841 5.721 9.909 4.358 6.322 2.403 0.189 2.472 6.339 2.225 6.042 3.439 8.246 7.161 6.716 0.34 
8.245 2.761 0.582 5.905 10.107 3.216 2.227 6.747 1.788 5.314 6.527 5.338 2.733 9.805 1.259 10.021 7.328 9.93 0.961 8.605 4.746 6.04 2.576 8.326 6.577 6.906 7.948 6.229 4.07 7.894 7.819 8.584 6.697 9.725 9.725 9.725 5.862 1.22 2.595 2.227 
4.567 7.504 6.834 9.471 4.015 5.905 7.249 6.627 0.491 3.626 8.939 2.956 1.22 9.471 8.514 0.715 2.496 1.068 0.181 1.824 0.999 2.62 7.161 6.732 8.15 10.107 9.266 3.174 3.482 10.187 10.007 1.792 4.291 8.61 7.249 2.733 7.206 8.022 6.684 7.26 
5.296 7.138 3.871 1.591 2.225 1.211 1.127 8.65 5.416 3.575 5.185 0.56 9.213 1.127 3.924 3.585 8.61 5.296 7.651 9.93 3.086 6.627 1.663 9.909 0.961 8.923 4.218 0.715 3.462 7.328 4.366 9.805 4.676 7.262 6.527 10.021 1.38 7.52 9.78 10.187 
1.031 7.948 3.021 9.405 2.761 6.825 5.472 6.999 4.821 5.982 7.819 1.792 3.636 9.058 3.575 1.512 5.905 6.266 8.514 4.444 5.523 3.707 4.594 8.245 8.394 8.605 6.888 1.075 6.373 3.626 9.725 5.931 6.22 8.246 2.782 5.472 3.174 8.245 4.331 5.142 
6.527 9.909 7.161 4.358 4.366 0.257 7.355 2.782 7.262 3.5 7.138 4.015 7.249 9.213 4.586 5.931 0.582 0.961 4.796 1.068 2.591 2.658 5.982 10.007 2.403 3.207 7.072 1.38 5.856 1.684 5.818 1.516 7.499 2.225 7.072 5.548 1.684 6.543 5.22 1.195 
6.339 10.299 4.015 0.908 9.725 6.509 5.416 2.002 4.778 10.299 6.825 8.726 8.65 9.029 6.201 7.26 9.471 5.142 3.129 8.584 8.514 0.822 4.821 5.338 2.139 6.747 2.931 0.999 8.245 7.129 2.808 4.209 4.015 8.691 6.919 10.188 4.809 6.05 6.04 1.663 
5.142 6.325 6.716 6.832 1.075 2.161 4.186 9.529 3.174 8.13 7.206 6.906 6.888 7.651 7.306 7.651 1.195 5.484 0.732 9.888 8.063 5.464 8.584 5.999 7.224 4.366 2.496 6.946 2.002 5.905 1.512 0.961 4.269 7.504 6.405 9.592 3.021 6.832 6.906 1.068 
4.113 4.07 7.26 3.784 4.113 9.88 2.982 5.548 8.514 2.761 7.613 8.726 3.972 9.645 10.017 6.04 6.296 6.325 4.157 9.592 2.795 1.663 3.382 1.195 1.22 5.126 7.764 5.352 5.527 1.031 5.841 8.911 6.339 4.844 8.022 1.417 3.626 1.681 6.684 6.565 
5.726 8.044 9.129 8.497 0.189 9.592 1.54 8.703 1.092 10.299 7.817 6.373 1.495 3.585 5.472 1.788 1.031 6.509 4.586 8.939 2.225 10.145 7.52 9.592 9.529 5.411 9.266 4.146 8.601 1.992 7.355 6.888 10.267 3.216 10.007 8.848 6.684 2.353 3.575 4.146 
4.867 7.304 5.411 9.801 2.353 4.189 9.645 6.919 1.992 7.43 9.93 7.651 4.778 5.352 6.856 2.353 6.229 1.127 0.937 7.622 8.15 4.844 5.411 6.464 8.911 7.622 4.844 0.577 9.592 6.018 3.972 5.22 1.417 4.778 3.439 8.579 1.681 3.012 8.13 6.906 
5.22 9.119 1.495 6.018 3.174 2.272 3.699 4.461 6.577 8.246 3.225 0.491 9.213 7.843 3.439 6.999 9.58 2.029 9.405 7.076 0.189 3.473 1.075 7.948 8.39 1.954 0.732 0.937 1.684 6.05 1.948 10.145 3.575 2.403 1.792 7.651 7.894 0.577 4.809 5.841 
8.377 10.267 8.514 7.504 1.999 6.527 9.78 9.645 8.571 4.366 6.577 7.52 3.174 0.257 7.161 6.509 1.127 2.358 7.076 2.472 8.022 2.272 10.021 6.583 7.843 7.52 5.818 1.211 4.749 6.684 7.843 3.876 6.071 1.516 1.788 6.05 8.394 1.591 4.189 3.129 
6.747 5.464 5.931 6.074 8.246 3.575 6.919 5.304 9.119 9.93 9.58 1.065 7.843 7.206 2.982 7.622 6.832 3.972 8.277 4.778 6.527 1.22 3.086 8.143 9.888 8.356 2.576 2.956 0.715 8.6 9.266 7.306 1.771 2.403 4.844 9.331 6.732 3.216 5.233 8.326 
6.509 7.843 7.306 2.576 7.072 6.487 7.224 5.352 5.548 4.972 3.876 4.78 1.824 3.482 1.591 6.825 9.351 5.464 1.948 5.905 2.225 5.982 2.272 0.828 6.373 4.867 3.021 2.227 8.022 6.373 2.139 4.676 4.746 7.016 1.948 8.29 10.187 6.071 6.21 4.567 
1.792 7.328 3.585 3.382 7.843 2.795 5.999 5.411 6.04 6.071 6.509 8.018 6.832 2.029 1.771 7.52 1.031 8.018 3.028 1.948 2.595 3.941 5.304 5.578 3.707 1.38 4.209 7.613 8.514 7.072 0.828 9.58 2.484 0.995 6.527 7.016 1.824 6.527 3.129 9.44 
2.481 3.871 5.222 1.516 2.227 6.755 9.298 1.999 6.22 5.296 3.784 9.058 1.259 9.597 4.78 9.351 6.189 5.999 7.206 6.825 6.624 1.783 3.941 9.998 8.849 6.189 3.941 4.567 0.387 1.21 5.659 2.353 10.188 7.068 9.462 7.129 7.918 9.909 1.788 3.48 
6.978 4.461 4.358 0.454 0.181 4.209 8.378 0.34 4.07 5.314 6.22 9.909 9.93 7.328 4.594 1.591 6.229 8.579 0.732 4.015 3.615 0.454 6.373 0.631 5.222 2.029 6.919 2.496 4.189 6.565 8.394 2.272 8.849 1.771 8.514 7.894 4.867 6.635 2.761 7.26 
9.597 2.931 1.999 3.473 8.849 10.017 9.405 5.314 2.403 0.228 1.161 2.595 5.726 9.78 2.272 0.582 1.417 0.491 2.002 7.277 6.042 3.439 2.193 3.972 1.804 3.225 5.098 3.972 5.721 5.977 9.331 7.26 8.497 4.749 4.778 1.804 9.888 3.462 5.999 5.862 
6.946 2.576 8.939 1.999 7.271 0.624 7.565 1.068 6.322 5.55 8.601 9.266 9.998 1.075 3.174 3.028 7.918 1.771 3.585 6.266 4.78 7.328 2.147 7.355 4.676 5.296 3.876 5.818 9.331 7.277 4.78 8.669 6.732 3.482 2.496 4.269 0.822 7.504 7.016 7.273 
2.591 7.161 9.88 6.627 5.721 0.228 2.956 8.377 4.015 3.207 8.497 3.585 2.808 8.691 5.721 0.995 0.995 3.784 2.782 6.405 8.605 7.271 6.071 1.495 5.185 6.296 7.076 1.38 5.21 3.207 7.206 2.761 1.999 3.585 7.072 4.218 5.352 6.165 1.684 8.063 
3.519 4.676 6.201 3.636 6.635 0.577 0.624 6.946 0.189 9.44 3.216 5.903 7.527 3.853 4.972 4.269 3.129 3.028 4.209 8.65 8.923 6.043 8.044 2.161 4.78 6.22 7.43 4.146 5.338 9.58 5.142 3.699 1.591 8.584 3.876 3.924 4.586 3.519 4.146 4.778 
3.482 5.464 0.732 3.853 4.972 6.953 1.161 8.747 3.347 1.516 3.012 10.145 9.998 6.464 8.15 1.38 9.029 3.871 9.058 10.107 1.21 1.417 2.849 6.266 2.595 5.352 0.454 3.225 6.325 8.632 1.38 6.22 6.953 6.978 7.138 4.594 6.697 7.26 1.788 4.809 
2.499 2.272 4.594 6.543 8.394 1.684 9.801 4.358 1.999 6.953 6.477 9.801 7.151 0.622 0.189 10.007 3.924 1.713 5.126 5.304 5.856 0.577 6.201 3.225 9.802 1.21 9.405 9.802 3.439 1.598 0.908 4.291 6.201 7.206 4.78 8.747 4.972 7.273 8.394 3.216 
2.849 0.995 4.157 7.43 9.888 0.454 5.484 8.669 10.033 2.499 1.516 10.188 4.157 6.732 2.576 8.849 0.908 8.6 6.624 6.043 7.52 4.291 4.567 0.257 4.586 7.644 5.982 4.269 8.018 5.296 5.22 4.269 9.067 10.007 6.04 7.622 8.15 7.894 6.919 2.547 
7.273 5.484 6.405 2.272 9.129 4.366 8.571 3.924 1.068 7.918 6.21 3.473 9.58 3.439 0.961 8.747 8.911 3.462 6.834 5.862 3.174 5.841 7.622 8.571 8.394 0.315 5.21 7.52 1.54 8.6 5.338 1.792 2.472 3.699 4.461 5.095 7.504 3.012 7.918 6.565 
7.948 1.713 9.029 6.953 1.092 4.749 2.358 7.26 6.165 4.749 3.48 2.733 7.811 9.597 9.93 7.306 9.725 4.821 10.007 5.548 9.471 5.095 3.028 8.377 4.821 1.516 8.848 9.725 9.998 7.43 10.299 6.165 5.233 8.063 1.195 7.948 5.185 6.946 6.296 4.867 
6.509 5.721 7.262 10.107 7.811 7.819 6.795 1.203 2.795 4.821 5.222 1.38 2.496 3.174 8.65 3.699 6.509 5.903 6.624 7.894 7.948 1.065 4.015 4.78 5.862 1.792 3.972 1.211 0.416 1.948 0.491 3.482 2.002 6.018 7.016 2.499 10.272 6.071 5.472 3.225 
2.139 5.578 8.378 8.245 0.491 6.697 8.394 3.347 8.6 4.867 1.161 7.277 3.784 0.491 5.22 6.189 8.29 9.802 2.147 8.703 4.809 2.576 8.571 2.808 0.315 3.699 8.326 0.257 1.713 7.277 3.174 3.462 6.795 1.54 0.401 8.691 2.733 8.605 5.21 9.119 
4.867 9.529 5.818 8.317 9.528 7.304 5.095 6.22 4.015 6.322 6.266 0.577 2.358 4.78 8.605 6.953 1.495 10.272 5.185 2.029 6.577 5.818 0.582 5.21 7.778 1.684 4.113 8.044 1.092 3.784 7.138 1.075 9.802 6.405 4.444 3.294 4.461 4.366 9.645 0.622 
8.65 8.29 2.931 9.058 7.072 6.577 3.585 3.48 7.138 7.527 1.783 2.931 6.509 3.588 7.129 0.999 6.339 2.472 6.832 8.044 8.13 0.995 6.074 8.571 6.074 2.795 9.029 7.328 8.579 8.245 6.543 8.484 5.818 2.956 4.291 0.34 1.127 5.095 1.417 5.659 
1.259 6.296 5.905 7.306 8.939 5.338 9.067 7.378 6.21 10.007 3.439 9.729 2.761 8.063 4.778 8.09 6.624 7.262 5.903 2.931 7.328 2.86 7.304 1.954 9.78 4.461 7.273 9.029 6.266 5.903 0.189 4.366 9.592 6.071 1.671 1.092 9.471 3.707 8.691 3.871 
4.366 5.484 5.931 7.26 9.528 5.905 0.228 9.129 0.56 8.726 6.543 10.187 0.624 7.651 3.588 7.355 3.294 4.78 6.832 3.382 10.188 5.523 3.473 7.651 4.07 8.61 9.645 5.22 8.022 6.074 5.903 3.294 7.151 7.948 2.161 3.021 10.187 0.454 3.129 6.635 
3.972 9.351 0.999 7.817 6.04 4.972 9.592 0.995 3.48 10.017 5.856 8.044 7.016 7.613 6.856 1.516 9.888 8.848 0.315 0.34 5.464 6.477 0.624 4.972 7.565 6.339 6.684 2.272 3.924 9.998 5.55 5.304 5.352 5.977 9.119 9.351 5.352 0.908 6.464 5.999 
7.527 9.405 4.358 1.54 7.613 0.961 0.715 8.107 7.778 7.068 6.296 1.512 0.582 1.771 9.88 4.015 2.808 9.058 2.499 9.058 1.54 4.146 0.257 8.022 6.697 2.358 7.52 10.007 1.684 8.579 0.961 3.588 3.973 8.105 7.138 1.203 1.127 3.225 7.304 6.477 
4.972 7.43 2.147 9.805 6.201 9.548 7.249 6.624 2.472 1.031 6.795 3.174 1.671 10.021 0.715 1.591 1.783 8.742 8.632 10.187 8.317 8.317 1.598 6.832 8.063 6.856 2.86 9.88 7.072 6.165 7.262 7.817 3.784 7.306 8.632 7.203 2.761 8.246 1.54 1.699 
0.454 2.227 8.747 6.825 0.228 6.543 9.592 7.072 6.322 8.245 3.473 6.042 5.233 6.755 9.78 5.352 3.424 6.339 0.257 6.04 4.358 8.703 3.347 10.021 8.911 5.304 0.624 9.462 4.201 3.225 4.331 5.856 4.444 5.726 0.491 4.015 6.189 10.267 8.13 3.12 
6.716 6.747 3.699 0.624 1.992 10.017 8.245 8.497 5.304 2.484 1.954 2.353 7.811 2.496 2.193 0.732 5.352 2.353 4.821 4.972 10.021 4.586 6.04 6.747 1.371 1.948 8.143 5.352 7.52 8.245 7.527 1.999 1.999 0.961 6.747 4.749 4.366 1.371 3.482 7.764 
8.691 1.092 8.394 0.715 9.331 1.663 5.416 9.058 2.272 9.729 3.626 7.26 1.804 3.424 4.78 3.12 2.62 8.514 10.187 1.203 6.074 1.165 9.129 4.331 0.228 8.691 2.658 7.613 9.597 8.726 7.304 9.805 9.471 5.22 1.092 1.792 6.747 8.747 0.228 6.635 
5.185 6.825 8.107 3.129 8.245 5.21 5.304 9.462 6.22 2.849 2.849 6.229 1.788 5.905 2.795 4.189 5.095 5.314 8.579 3.12 1.127 8.022 0.999 4.586 7.811 5.416 9.58 4.567 4.015 8.514 5.484 5.578 5.22 5.142 7.304 7.277 3.439 10.479 6.825 3.924 
6.189 7.26 7.016 8.356 5.721 4.218 1.54 8.377 8.497 6.487 7.249 6.747 7.52 2.358 3.473 1.512 3.5 7.843 2.002 2.403 9.129 1.417 3.347 2.795 10.007 1.065 5.185 0.315 1.259 1.068 8.107 2.496 10.299 2.956 7.262 5.185 3.615 10.017 0.315 5.523 
8.65 6.464 7.277 4.218 4.331 6.747 3.321 6.201 2.761 0.828 6.946 2.761 1.495 3.439 1.804 0.715 2.029 4.269 5.098 2.547 5.523 7.811 3.086 1.54 6.856 4.844 5.077 5.578 6.043 9.909 7.778 6.577 2.472 1.681 1.663 6.229 2.982 4.218 6.832 6.373 
9.266 10.383 7.271 5.411 2.595 4.201 0.257 1.591 9.462 3.462 5.095 4.844 7.277 7.819 7.651 7.206 1.591 3.615 4.358 0.631 9.266 6.296 6.266 8.923 9.471 6.527 9.88 7.355 6.042 8.669 10.017 9.725 5.352 6.583 6.339 0.189 9.058 5.818 1.22 3.482 
0.189 6.834 6.487 7.378 8.105 5.21 3.699 8.923 4.78 5.484 1.54 7.52 3.294 6.071 4.78 5.548 7.355 3.382 3.941 0.732 4.186 9.548 6.266 3.615 4.189 7.304 3.941 6.05 7.918 8.571 9.529 5.296 6.043 9.725 5.352 1.259 6.325 8.65 5.982 0.454 
2.86 7.151 5.841 5.977 7.304 6.229 10.107 4.186 7.843 0.908 2.161 9.067 4.444 7.206 8.29 0.491 1.38 5.818 6.747 2.193 10.479 10.007 4.201 1.992 5.21 6.832 1.788 2.86 2.658 1.21 8.691 2.547 3.707 7.068 8.15 7.277 9.888 9.119 7.819 9.729 
2.849 7.811 9.528 3.636 6.832 7.26 8.497 8.939 2.761 0.999 5.578 7.52 1.792 6.527 0.416 8.377 1.516 6.795 4.821 1.259 1.681 4.809 1.663 8.848 8.317 8.063 9.805 7.52 7.262 7.622 6.266 0.995 4.778 5.55 0.387 4.809 2.761 5.903 1.783 6.906 
1.203 9.801 1.22 0.189 8.601 1.948 4.146 0.454 2.029 3.439 3.225 1.165 6.906 2.029 3.207 5.999 9.801 8.39 4.201 6.322 6.071 1.699 2.484 5.492 9.528 5.142 8.044 1.092 5.721 0.582 6.043 3.588 4.269 4.867 8.09 0.416 10.017 6.339 3.321 7.26 
1.954 6.527 5.905 1.22 5.352 3.588 6.978 5.55 7.271 1.21 7.378 1.598 1.792 7.306 6.043 4.594 5.411 7.43 2.499 4.796 10.383 6.229 6.322 10.267 7.138 5.233 4.821 3.021 9.213 3.216 8.65 4.809 7.138 6.043 1.804 3.871 8.497 6.635 1.699 7.068 
3.871 3.012 1.684 0.631 1.771 3.784 4.269 2.761 6.583 2.782 2.472 7.129 5.492 9.597 7.072 3.028 1.699 0.631 10.272 9.597 8.497 2.808 8.747 1.203 4.146 2.576 9.331 6.373 4.594 1.068 0.491 6.755 1.598 6.906 4.113 2.86 5.862 9.029 1.681 7.622 
6.074 2.227 7.565 5.903 3.636 3.853 8.6 2.496 6.795 10.007 4.146 7.206 5.098 2.353 8.632 8.377 7.138 6.22 9.801 2.403 3.941 7.068 7.016 2.982 9.78 8.377 3.972 3.174 6.165 4.331 1.512 4.189 5.726 8.726 6.635 6.296 8.584 2.227 9.998 7.249 
5.862 4.186 0.937 6.266 5.233 3.439 9.298 0.56 5.862 1.771 2.547 6.018 9.462 6.565 1.068 1.771 3.129 0.34 3.382 6.577 7.894 1.203 6.577 4.366 1.495 6.543 7.499 3.5 4.07 0.715 0.622 8.245 8.022 6.325 2.782 7.161 3.294 2.782 8.923 9.88 
8.911 2.849 6.464 4.269 1.22 7.778 7.273 5.818 7.355 1.21 7.26 1.663 9.058 4.291 9.93 0.401 10.299 5.856 5.931 7.918 1.075 5.999 5.21 5.659 10.017 6.755 1.495 3.48 6.05 3.876 6.266 9.298 8.394 0.401 7.016 8.691 4.331 8.669 3.225 9.405 
6.527 3.129 1.999 3.439 8.107 8.939 6.856 3.424 1.22 4.676 5.841 3.12 7.504 2.499 3.519 3.924 4.186 6.477 8.939 4.567 9.213 3.294 1.699 2.761 4.567 5.977 3.5 3.482 4.821 0.257 0.257 5.856 6.405 1.54 4.867 8.742 9.44 1.031 5.314 4.146 
3.519 8.326 6.04 0.181 3.871 9.725 5.126 9.471 3.699 8.848 1.824 5.903 6.732 0.586 4.78 5.982 3.871 3.225 2.591 3.707 1.417 4.586 10.272 7.504 5.484 3.585 6.919 3.876 6.165 4.676 0.454 9.331 7.948 8.726 6.201 7.068 7.076 6.373 6.635 5.314 
0.315 3.699 2.86 5.492 10.188 5.931 2.225 7.249 8.571 2.795 7.843 6.043 9.58 7.811 4.146 6.042 0.624 1.092 3.519 1.663 7.016 1.495 4.796 7.504 0.631 10.107 9.58 7.26 4.366 4.444 8.691 3.575 4.749 9.93 0.34 6.201 4.269 6.405 4.444 6.716 
10.299 6.165 8.939 5.126 9.909 5.977 1.127 7.273 6.953 10.145 9.725 9.998 6.635 10.479 3.588 1.598 1.663 1.075 9.119 2.982 5.726 5.982 0.189 5.416 8.29 9.462 4.157 8.6 9.592 8.6 3.462 7.206 5.464 9.471 6.624 7.811 1.54 2.499 7.499 2.272 
1.591 2.272 6.953 0.622 9.998 10.272 1.38 6.043 0.586 3.575 7.26 0.181 1.792 0.582 3.941 4.291 2.62 0.181 8.356 6.747 8.669 6.071 4.567 1.512 9.88 4.821 8.703 8.394 2.481 8.849 8.018 9.998 9.888 3.294 3.021 2.472 2.481 4.778 1.417 7.26 
6.697 6.906 2.272 3.626 7.138 1.068 1.068 0.189 10.033 9.266 5.982 4.78 4.358 6.05 6.906 7.499 7.52 2.481 8.849 3.294 9.129 6.888 3.871 1.259 9.805 3.424 6.487 2.484 5.304 7.161 8.848 7.26 4.461 6.527 3.876 7.161 3.63 6.296 0.624 8.742 
2.272 5.982 7.52 4.867 1.075 9.805 4.567 7.948 6.697 2.795 3.174 0.999 5.721 3.636 2.499 8.143 2.956 7.206 0.56 5.999 6.716 7.613 7.138 8.022 7.016 3.871 1.783 5.464 8.277 9.471 2.595 10.021 9.802 3.924 7.249 0.56 3.626 7.52 6.201 3.321 
0.577 2.576 4.972 5.142 9.029 7.613 2.733 7.161 2.002 2.761 9.471 1.999 4.586 3.48 6.697 4.809 0.165 8.356 4.78 7.504 8.317 8.911 1.031 7.26 4.778 8.15 0.624 9.058 7.817 7.203 7.843 6.697 7.129 6.755 1.992 8.317 9.802 2.595 6.747 8.356 
8.245 7.948 4.146 9.405 3.294 6.624 2.733 3.347 6.477 3.216 2.139 5.862 1.804 7.249 8.691 5.296 3.382 8.669 3.482 8.317 2.782 8.105 5.352 8.703 8.39 8.356 7.151 6.266 5.862 7.378 8.018 10.188 4.189 2.272 8.939 0.56 6.999 7.26 3.972 6.565 
4.157 1.127 9.266 6.296 5.077 0.995 9.058 8.703 7.843 4.07 9.93 2.733 9.298 4.015 4.821 9.58 4.844 1.999 5.903 5.841 8.849 5.126 3.321 6.577 3.626 2.272 5.304 4.358 5.21 8.747 4.749 4.461 5.296 8.6 8.848 1.161 4.809 5.296 3.482 7.206 
4.567 1.417 1.065 6.509 7.076 0.189 3.973 6.906 6.577 5.233 9.802 9.597 3.424 5.21 6.732 7.504 1.713 5.578 1.792 3.636 9.213 7.355 6.577 7.918 3.588 7.26 3.871 5.126 3.439 6.325 3.028 6.043 3.382 8.497 3.636 1.992 2.808 5.659 8.571 9.351 
6.716 4.218 1.681 1.699 7.016 5.905 6.527 8.245 0.56 6.201 4.567 4.209 9.801 2.761 6.527 1.713 0.228 1.371 8.394 5.338 7.811 4.809 7.138 3.588 6.999 9.801 1.203 6.509 4.972 1.954 0.999 5.338 4.78 8.497 7.304 3.021 6.05 8.669 1.671 2.62 
7.819 8.911 0.315 4.586 0.401 9.528 4.291 3.941 8.923 7.26 8.13 1.804 4.586 9.058 6.042 9.725 0.491 5.21 9.528 5.55 2.761 7.894 9.801 6.477 0.822 5.304 9.801 3.588 4.778 9.058 0.715 2.761 7.894 3.462 8.571 7.072 5.142 4.844 5.22 8.356 
6.527 5.352 5.222 7.948 8.245 0.577 10.007 2.272 5.185 4.461 5.304 9.129 5.841 0.631 1.031 2.227 4.78 1.783 7.129 1.38 8.726 2.547 0.577 4.07 0.995 1.684 9.597 7.843 6.527 6.978 6.373 9.592 8.601 2.353 8.29 5.931 5.818 1.771 2.272 1.031 
2.002 2.029 0.961 10.187 5.982 1.824 4.972 5.999 1.824 6.978 5.222 7.52 7.328 4.209 6.635 1.031 8.939 5.464 2.576 7.271 5.977 2.496 1.195 2.931 3.63 0.454 3.216 2.733 0.622 8.246 5.548 4.749 1.21 3.48 6.565 1.999 4.015 3.924 4.358 9.298 
7.52 3.784 5.352 6.732 3.129 2.472 8.378 10.188 1.092 3.462 10.188 2.576 4.218 9.802 0.189 6.856 9.729 2.193 7.613 2.403 2.272 6.018 5.416 9.529 2.403 2.547 0.999 5.095 8.911 6.229 10.107 2.193 6.624 8.848 3.424 7.203 7.161 1.203 8.326 7.43 
1.792 2.931 3.5 7.249 6.543 2.782 7.072 7.355 8.849 3.321 6.684 6.577 6.071 6.716 9.351 8.669 2.193 0.387 5.523 0.582 8.245 7.203 8.691 3.941 2.403 4.78 8.29 9.528 7.843 8.044 4.594 7.52 7.249 1.591 9.88 4.269 4.189 6.627 10.479 1.203 
7.378 2.956 3.972 8.848 6.018 0.401 6.577 7.644 4.749 2.029 6.074 8.61 1.783 3.636 7.161 1.681 0.577 4.291 8.29 9.529 7.26 4.676 8.514 10.187 7.565 2.225 6.888 7.948 9.58 0.586 1.713 8.246 3.021 5.095 7.26 1.21 4.567 8.911 5.726 2.658 
2.272 5.185 9.998 1.788 6.074 2.029 2.481 7.138 7.817 8.747 1.783 6.527 5.411 6.189 4.809 1.598 5.411 0.908 5.856 4.778 7.26 1.516 5.999 1.512 2.782 2.496 9.88 6.978 8.65 0.181 5.548 0.908 3.972 4.778 5.095 7.161 2.576 1.999 0.189 3.225 
6.487 7.161 4.269 4.269 4.444 1.948 8.105 6.296 0.387 4.867 4.269 5.931 2.161 6.577 6.322 6.22 3.707 1.999 6.325 8.514 6.043 3.462 6.043 3.876 2.472 4.218 7.206 2.472 2.982 9.029 5.352 5.472 4.567 2.227 6.527 1.824 6.577 4.972 9.729 8.497 
4.444 4.015 0.715 1.22 9.78 8.726 3.63 3.174 3.5 1.54 1.259 3.086 7.778 2.161 8.143 0.577 7.565 7.26 3.48 6.978 1.065 9.529 3.707 9.528 4.567 4.867 2.193 9.528 3.63 7.613 4.78 1.516 7.778 5.726 10.033 4.749 1.371 9.805 5.492 9.645 
6.325 6.583 9.298 6.201 6.043 5.931 8.377 6.565 3.63 6.201 9.529 6.018 3.615 6.21 3.129 7.016 2.227 7.072 8.601 5.982 8.39 9.331 8.571 0.732 8.6 10.145 9.805 1.161 5.21 9.266 3.347 9.597 1.495 6.165 5.523 9.805 7.819 5.931 1.699 5.352 
7.504 0.315 3.294 7.016 0.999 4.676 0.586 7.016 1.824 8.579 3.12 2.733 6.22 0.257 3.028 5.841 8.394 4.015 4.567 3.174 5.352 5.578 0.387 6.018 5.726 6.325 4.366 8.022 6.189 0.401 5.411 6.229 9.725 7.778 3.973 7.764 4.157 6.906 8.632 6.543 
3.588 1.38 5.856 6.978 8.022 3.086 4.972 2.86 5.077 3.216 0.999 1.031 2.956 7.206 9.597 4.201 1.512 0.622 3.876 3.63 8.317 5.659 9.805 9.909 9.119 2.499 1.699 3.63 8.245 8.143 6.732 8.277 1.54 9.645 6.477 7.304 8.939 8.245 8.605 7.894 
2.931 3.225 3.626 5.818 6.697 2.982 8.29 0.56 5.095 4.186 2.272 1.031 1.948 1.203 3.853 2.931 7.26 10.479 0.908 3.585 9.998 6.22 5.095 8.65 4.594 6.832 5.352 4.291 1.824 3.473 7.819 4.78 6.043 8.939 6.018 1.371 7.271 7.527 9.129 2.86 
7.819 3.871 8.923 5.098 2.139 6.229 6.565 7.52 5.352 2.86 9.909 4.209 3.871 0.454 6.339 2.808 5.931 9.78 1.671 2.658 2.472 5.55 6.543 7.778 5.527 6.189 2.225 3.382 1.699 7.43 5.185 1.788 2.595 0.577 3.784 4.749 5.578 4.796 1.783 6.795 
4.676 0.732 8.691 8.703 5.098 2.002 2.353 8.39 8.378 5.222 5.484 1.516 4.821 2.62 5.578 4.291 6.21 5.578 7.072 6.043 8.326 1.788 5.484 2.982 9.805 0.56 1.788 2.272 6.565 3.972 2.733 9.909 9.405 3.424 0.34 5.233 8.632 3.482 3.216 9.213 
8.939 1.195 7.52 6.999 7.161 4.778 6.296 7.499 4.749 2.576 3.012 1.165 8.378 7.819 6.201 10.267 0.582 2.029 0.165 0.999 4.796 4.201 9.909 8.143 3.585 9.331 7.249 5.527 8.326 0.732 5.977 7.016 8.747 2.147 4.594 9.351 8.022 9.405 2.808 7.304 
1.591 2.782 4.201 1.203 7.277 3.382 7.016 3.424 7.304 1.21 7.271 7.249 5.21 9.462 5.492 3.129 0.257 7.378 7.26 7.52 0.56 0.387 4.844 4.113 6.074 8.394 2.029 7.948 0.401 3.973 4.586 3.615 9.405 0.401 6.189 8.143 6.527 2.193 6.888 6.697 
6.229 8.703 7.076 7.224 9.331 6.043 3.021 8.703 8.378 6.732 6.565 7.565 10.267 10.187 7.565 4.269 5.095 4.444 8.018 6.716 5.352 7.304 6.042 6.635 9.058 6.04 1.783 4.291 9.597 9.405 6.509 9.529 9.44 9.471 1.165 6.21 6.339 9.888 5.098 3.012 
2.484 3.012 2.595 5.527 10.383 1.591 2.782 3.086 7.068 6.325 1.771 8.571 7.918 4.821 2.353 7.819 9.645 7.843 7.355 3.382 3.294 2.62 4.821 2.139 6.071 5.903 4.366 7.072 9.119 1.516 7.076 3.439 1.512 9.058 6.577 3.699 8.107 1.495 4.201 3.439 
8.018 6.888 4.821 9.266 4.749 2.761 3.707 6.487 6.888 6.071 2.029 3.207 7.764 4.269 6.165 1.713 1.699 0.165 8.246 8.394 6.716 10.021 7.262 3.636 9.801 9.405 7.355 3.382 0.715 9.888 8.063 1.417 10.267 7.262 4.331 7.948 9.909 9.801 7.613 6.527 
7.224 8.377 9.909 9.462 3.707 7.622 7.565 5.721 5.338 0.624 2.029 8.29 6.509 4.972 0.631 6.189 2.782 6.322 5.098 5.142 3.853 8.15 0.34 4.749 4.594 7.843 5.578 10.017 8.044 5.982 3.482 2.499 0.491 5.314 4.594 1.065 4.366 2.733 5.856 8.497 
0.828 2.849 1.092 2.358 2.029 3.585 1.068 7.378 5.21 3.876 10.021 5.527 1.127 8.29 7.52 9.029 4.844 7.328 8.849 3.876 3.174 1.031 3.972 2.982 6.018 6.042 7.644 6.165 2.161 5.982 9.729 9.058 3.225 6.266 6.487 8.669 8.601 8.13 6.21 6.684 
0.56 6.229 6.834 9.88 2.353 8.107 8.378 8.063 6.339 9.78 7.894 1.783 8.044 9.909 6.201 5.862 10.299 2.358 6.919 7.778 4.676 7.644 0.828 7.499 8.601 8.691 6.978 7.355 2.595 7.304 8.584 1.771 2.591 9.805 5.659 6.978 0.995 5.411 6.22 1.699 
8.105 8.022 1.075 7.843 6.747 8.09 8.105 4.358 0.257 0.999 2.161 9.471 6.22 0.822 7.355 9.805 3.294 5.314 3.12 8.09 7.016 6.043 1.417 2.484 8.063 3.129 5.492 0.577 4.78 4.809 6.04 9.592 2.956 4.291 7.306 8.105 10.007 7.52 6.189 4.358 
3.012 2.595 9.725 4.157 8.13 0.828 9.331 3.575 3.853 10.007 8.484 2.472 6.888 2.002 9.597 7.304 8.849 5.185 7.273 3.519 3.382 3.784 3.424 3.924 6.229 8.378 5.077 5.472 2.733 0.189 7.778 0.624 7.068 5.578 8.277 4.113 2.931 7.565 2.358 3.12 
6.165 4.189 1.195 6.684 0.631 5.296 6.229 3.12 4.567 2.595 7.651 5.548 7.151 7.843 0.181 7.843 0.828 8.022 0.56 5.126 4.201 2.62 1.516 1.195 8.742 6.624 6.04 8.143 4.844 8.605 7.304 9.58 2.795 8.747 5.314 8.514 6.477 2.139 7.161 6.509 
6.716 8.939 2.139 7.161 5.818 5.464 6.716 2.62 6.05 3.636 1.165 9.729 6.509 8.09 2.272 5.21 2.795 2.161 0.181 7.817 6.583 6.856 2.956 4.796 2.481 10.107 0.577 6.074 8.484 4.218 1.788 2.272 2.576 2.496 5.999 6.04 0.828 5.296 7.527 3.321 
0.577 3.347 5.098 6.22 4.209 8.277 1.681 7.52 2.86 8.571 3.784 6.373 9.405 8.13 8.09 8.245 4.146 7.499 7.203 4.586 3.225 4.331 6.043 1.792 1.065 8.044 0.454 5.077 1.031 8.6 7.304 10.187 8.143 7.249 3.626 7.016 7.817 4.113 5.22 5.726 
2.353 9.119 9.067 7.843 7.817 1.203 2.547 7.52 9.067 5.999 1.512 4.461 8.105 8.326 2.849 4.78 3.012 3.439 6.042 6.635 8.911 6.018 3.321 3.216 3.086 6.832 0.999 7.249 4.594 4.358 4.358 0.315 3.225 6.755 9.462 5.484 10.383 8.044 5.095 1.371 
8.911 9.801 1.804 7.918 3.784 6.888 7.378 0.165 8.317 9.801 5.338 8.571 6.339 7.355 6.747 7.622 4.331 4.78 9.645 1.127 9.909 5.841 8.394 3.871 7.076 6.953 1.992 7.52 3.473 5.55 1.259 4.676 0.822 8.726 7.894 1.804 8.605 3.588 5.411 1.783 
8.911 2.499 9.119 1.663 7.918 2.193 6.684 4.209 6.266 4.209 3.225 2.795 6.716 5.222 9.645 4.015 8.022 6.266 9.88 7.651 2.499 8.15 1.804 7.151 0.732 8.143 2.808 3.626 5.233 6.071 2.358 0.622 8.497 1.804 6.906 5.21 3.707 1.992 9.528 2.658 
6.509 9.298 6.05 6.732 6.565 1.792 2.484 5.492 8.107 5.862 8.15 4.594 5.472 6.074 8.726 10.017 0.582 7.651 8.747 0.908 5.726 1.684 7.262 4.844 6.22 6.405 1.495 8.65 2.499 6.05 3.876 6.201 1.992 3.699 1.783 1.992 3.012 10.267 7.151 0.586 
1.54 7.504 5.721 4.461 1.127 5.416 0.999 1.065 1.684 6.946 4.586 6.373 0.631 3.876 9.801 3.626 3.382 4.586 8.15 5.126 7.161 10.145 8.356 4.201 2.484 7.26 4.201 10.299 7.644 8.848 9.909 9.802 7.161 6.543 2.403 6.266 2.272 2.782 9.801 2.982 
2.956 6.296 3.021 3.48 3.519 2.849 2.353 1.948 6.627 6.953 3.028 9.888 8.923 9.058 6.322 7.52 2.761 5.21 7.622 6.684 1.195 6.05 2.86 1.38 3.63 8.317 6.266 4.209 2.002 6.018 9.805 2.782 8.849 9.213 7.016 2.227 3.462 7.565 5.233 5.492 
4.015 7.203 6.018 10.479 7.277 5.862 0.715 7.151 0.732 6.04 1.824 6.856 6.953 8.105 3.853 4.461 8.579 2.956 4.189 3.021 4.07 2.227 9.805 2.547 5.55 2.761 7.249 1.699 3.876 7.304 1.259 3.482 7.273 2.86 9.801 5.862 5.077 2.358 6.229 6.339 
7.016 2.795 7.076 0.732 3.473 7.129 7.918 10.383 8.579 6.043 5.856 9.597 2.782 2.353 3.63 2.481 4.567 4.186 1.092 5.185 6.697 6.05 6.716 3.439 4.201 5.098 10.479 7.306 8.579 4.778 0.715 7.527 0.937 2.272 2.472 9.645 1.999 1.954 9.213 3.347 
3.382 3.973 9.729 7.138 3.382 4.809 8.849 0.586 2.782 8.848 8.911 9.067 0.732 4.015 1.792 8.61 2.733 4.015 8.923 9.58 3.626 0.631 6.697 6.509 2.227 9.213 8.601 3.853 4.444 6.684 6.795 3.699 2.795 7.206 1.22 5.931 3.174 10.021 7.43 6.043 
2.595 9.029 7.277 3.462 1.068 7.894 9.597 5.22 6.999 4.146 5.484 1.598 6.565 6.527 1.516 1.824 4.867 9.729 2.658 6.189 2.576 0.165 3.941 1.495 6.697 4.358 0.937 1.516 3.216 2.139 7.527 8.848 3.207 8.691 6.832 6.487 6.189 8.669 8.742 5.464 
1.771 8.39 0.56 2.931 7.499 9.058 7.304 1.598 8.939 4.209 6.527 7.224 10.479 6.583 6.624 8.356 6.624 4.796 6.405 3.174 7.843 1.804 6.716 6.071 7.644 2.029 1.371 3.12 6.189 2.982 5.22 0.622 5.726 7.271 6.201 8.063 3.48 8.497 6.339 5.931 
7.306 0.908 8.691 10.107 7.651 1.417 5.484 2.403 2.86 3.876 0.454 4.867 7.948 9.129 3.382 9.351 8.605 9.888 2.358 6.795 10.007 9.78 4.331 2.782 6.888 6.266 2.481 3.021 0.582 7.843 8.484 6.856 1.211 7.565 7.651 6.165 5.352 3.021 10.145 6.697 
6.888 9.119 7.068 3.853 1.663 7.328 6.825 3.707 3.028 4.821 6.946 7.304 8.143 10.383 7.277 6.919 8.245 8.39 2.147 3.924 3.853 10.021 7.016 2.029 8.571 9.067 0.822 7.894 1.512 2.782 0.401 8.143 7.076 7.306 5.931 4.809 9.029 5.296 1.417 6.165 
5.818 7.304 0.181 5.464 6.832 3.871 8.29 4.291 6.946 7.138 2.595 0.822 9.548 2.225 5.527 6.627 8.848 7.151 8.09 9.266 2.62 3.439 5.931 7.129 1.992 0.257 4.821 3.028 4.746 10.187 4.844 4.209 2.193 7.161 1.21 9.471 0.56 8.39 8.378 3.585 
1.684 5.464 0.34 4.358 9.528 9.528 0.189 8.143 7.843 2.591 7.161 6.583 2.484 1.516 2.62 9.78 3.853 4.586 8.742 3.972 2.733 3.972 1.031 3.707 6.795 1.54 9.462 4.821 8.848 2.931 2.496 1.195 0.822 7.26 9.592 4.796 3.707 9.529 0.999 6.953 
6.543 4.809 9.351 6.919 4.844 6.919 5.903 7.328 3.588 1.999 2.782 2.591 5.338 8.018 3.207 10.145 8.939 2.403 9.529 3.585 4.809 3.382 9.725 5.338 5.416 8.742 7.499 4.113 7.306 1.22 0.56 8.691 2.782 8.484 4.444 6.464 1.417 2.225 4.209 7.378 
10.107 3.48 5.931 4.331 0.631 5.304 1.992 7.565 2.956 6.834 6.953 6.071 4.189 8.691 9.93 4.218 8.326 8.063 5.126 2.481 2.403 4.015 10.187 8.063 7.52 3.699 7.52 9.592 6.543 4.189 1.092 2.591 8.063 10.007 2.576 3.424 1.783 8.584 3.871 0.165 
3.086 1.211 3.086 10.107 1.771 9.528 4.444 6.627 1.999 0.181 9.88 4.358 3.972 3.626 10.299 6.22 1.371 9.725 6.583 7.271 1.22 7.817 6.624 3.021 4.186 10.188 5.095 6.732 8.497 7.26 3.699 9.802 10.267 8.849 8.923 3.216 9.597 5.464 3.5 9.44 
5.352 4.78 3.347 1.824 8.61 6.716 7.206 8.61 1.259 1.684 8.726 10.145 0.961 5.977 3.924 0.387 5.21 8.601 4.567 4.157 7.304 2.272 7.304 3.853 8.6 1.512 10.021 6.487 1.681 2.193 7.355 0.586 4.186 4.809 5.862 8.849 5.338 1.713 0.34 1.516 
9.462 1.792 2.782 0.577 3.585 2.272 4.209 5.126 2.591 9.88 10.272 8.277 2.029 4.796 6.509 3.012 3.086 6.906 0.715 2.658 5.22 6.978 5.352 8.356 2.547 1.591 7.129 2.496 6.527 7.819 3.347 9.298 5.905 3.48 7.273 0.631 4.358 7.203 7.811 6.978 
7.161 5.472 2.227 5.126 0.56 5.492 5.484 6.339 7.355 4.867 1.954 3.626 8.378 3.941 6.755 8.245 1.092 0.732 8.277 6.697 2.029 6.04 3.871 0.228 1.21 7.203 0.315 7.151 7.811 3.207 9.548 6.755 8.018 8.246 7.161 6.716 3.028 9.78 5.659 2.472 
6.583 7.138 8.022 1.495 9.729 1.165 9.298 8.377 1.127 3.129 5.352 0.999 6.856 4.844 5.126 5.484 5.338 4.331 9.725 8.018 6.339 0.401 4.015 6.464 3.473 2.161 2.193 9.548 7.306 2.499 9.129 3.973 8.277 9.44 5.304 5.548 7.43 4.201 3.473 9.471 
9.298 9.298 3.48 8.605 7.273 2.225 5.527 6.978 8.848 5.818 1.54 4.844 9.725 1.671 7.894 2.595 0.999 6.189 6.229 0.56 4.78 0.454 6.477 1.954 9.88 2.472 3.871 3.321 6.165 1.417 7.262 4.594 3.924 9.78 9.462 8.143 6.04 4.78 5.492 0.387 
6.747 4.218 5.352 8.484 8.497 4.746 6.795 7.817 7.016 8.378 0.34 6.577 6.543 6.627 5.726 0.624 1.38 5.548 6.05 5.527 4.157 2.591 7.764 5.841 6.577 5.233 7.306 8.317 4.796 4.146 6.684 7.843 7.26 6.322 7.811 6.978 10.021 5.841 2.147 0.622 
8.018 2.782 1.663 4.972 8.378 7.206 1.684 4.015 6.577 9.93 9.462 8.09 5.314 3.784 7.273 7.016 7.843 7.894 7.378 6.627 8.356 8.394 5.098 0.416 10.017 7.304 6.856 2.849 3.12 1.663 8.726 5.21 2.795 4.201 3.871 7.499 0.34 10.187 9.528 6.266 
0.582 8.107 7.764 4.358 6.795 6.697 7.138 5.338 8.356 0.491 4.444 7.161 8.703 4.146 4.676 7.764 6.583 4.78 6.04 8.377 3.972 9.802 6.487 3.225 3.626 1.999 6.071 0.34 9.462 7.328 1.771 6.071 7.224 8.107 3.462 4.218 2.595 3.482 2.481 6.732 
8.13 9.266 1.38 7.527 5.578 8.09 6.527 0.828 5.304 3.636 2.591 3.973 7.948 8.632 8.484 1.992 7.138 7.26 2.472 8.394 7.161 1.684 0.631 4.809 5.22 7.161 2.795 8.277 0.908 1.684 4.186 8.378 0.491 6.405 0.732 2.782 4.015 5.222 7.819 6.527 
0.937 8.377 0.624 1.954 1.663 5.841 5.55 9.213 2.002 7.26 6.22 1.22 10.267 8.13 8.326 6.487 6.043 1.516 9.058 9.93 0.34 8.923 5.523 7.52 4.201 3.636 3.225 2.849 7.52 5.578 2.002 0.189 1.663 9.298 5.098 4.972 9.645 6.527 3.424 10.021 
2.982 3.174 8.703 2.761 9.645 1.259 3.626 0.937 10.479 0.732 8.107 0.165 6.583 8.848 7.26 3.086 0.715 3.575 5.841 3.174 3.784 6.165 6.22 5.55 4.821 6.018 6.189 6.04 3.941 3.347 9.119 0.631 3.216 1.031 6.825 8.61 2.225 2.139 7.249 1.783 
7.273 9.351 8.394 7.43 3.347 8.703 8.246 0.822 3.871 9.528 8.911 7.277 1.591 8.726 8.143 4.157 7.817 2.808 10.145 0.822 9.802 9.331 2.795 0.257 2.499 7.843 5.095 9.528 6.21 0.181 4.844 6.325 8.018 4.269 0.732 3.924 8.377 7.306 4.821 7.843 
5.841 1.699 9.528 7.52 7.306 1.804 7.262 1.065 1.259 0.582 6.189 6.071 7.203 1.516 5.22 1.068 8.65 4.358 5.314 6.732 6.583 10.145 8.484 5.659 1.165 3.473 0.622 8.747 0.622 2.029 6.732 8.849 2.496 8.584 3.174 0.631 7.527 8.514 2.595 10.107 
1.165 2.139 7.206 2.002 4.146 7.499 6.405 8.022 0.401 6.071 4.291 0.822 7.304 8.848 1.065 10.383 3.871 0.165 3.028 8.6 9.298 1.259 8.579 7.304 9.331 6.322 6.577 7.565 2.931 1.684 9.597 8.378 1.031 7.819 0.624 2.86 0.908 9.462 6.405 5.126 
2.761 9.029 4.586 7.304 5.818 2.576 1.195 8.39 2.496 4.972 0.491 6.732 1.203 2.029 8.107 7.613 6.834 0.995 9.802 0.577 0.228 4.209 0.715 9.998 9.528 6.189 6.732 10.267 6.527 9.029 6.919 5.314 4.567 0.387 0.34 8.044 5.903 6.018 0.995 1.788 
8.601 4.796 0.582 8.13 0.189 3.876 0.961 5.233 4.291 2.029 7.138 9.119 5.095 7.948 1.54 3.588 8.245 0.937 3.876 9.801 8.277 3.473 5.304 8.584 10.187 9.058 2.86 2.547 2.595 1.699 2.481 0.908 10.187 7.622 7.843 8.65 8.911 0.257 8.022 5.726 
7.622 6.201 1.38 3.462 2.358 3.519 6.509 9.331 1.031 8.747 4.821 1.195 1.999 9.067 7.224 5.142 7.26 5.492 1.598 3.972 3.615 1.203 7.565 4.594 4.015 4.809 1.068 5.982 8.939 4.358 3.972 10.272 8.497 4.594 3.294 0.908 7.651 5.126 7.565 2.029 
3.207 9.44 8.484 1.804 6.074 4.07 6.373 4.201 5.726 1.195 8.497 1.783 9.597 3.482 6.527 3.462 5.931 8.6 7.328 2.591 3.424 1.671 9.44 5.233 4.331 1.699 6.834 4.218 6.684 1.824 9.058 3.575 8.939 1.259 8.022 7.016 8.378 6.043 6.624 6.22 
7.378 6.627 6.888 6.999 0.34 7.138 8.601 9.213 1.992 7.26 6.266 6.684 3.871 6.21 8.09 6.042 1.783 8.378 7.161 1.804 5.098 9.93 5.977 4.867 6.565 8.105 5.931 2.193 9.528 1.495 10.299 0.961 2.982 9.998 9.528 8.923 4.809 2.193 3.174 5.492 
3.174 5.22 9.88 3.424 10.383 4.796 5.185 8.13 6.577 6.21 4.444 6.583 7.894 2.358 6.565 1.783 1.031 7.613 3.482 5.126 5.982 3.941 9.405 8.377 5.999 4.331 4.567 5.352 8.939 5.304 5.233 6.747 0.822 6.229 7.355 3.941 7.764 6.627 1.591 8.742 
7.076 5.314 0.732 3.784 9.471 5.856 2.193 5.222 8.044 3.588 7.918 2.225 3.216 1.788 3.876 3.585 4.586 9.88 9.119 2.472 1.38 4.146 2.849 6.05 6.832 7.304 7.378 8.61 8.669 7.918 5.185 4.749 2.733 3.588 2.86 1.165 8.61 0.228 7.249 3.174 
4.746 6.189 5.856 1.21 9.129 4.146 2.002 5.523 3.462 1.092 8.317 2.499 1.22 6.043 10.017 7.778 0.165 3.473 2.161 3.871 1.771 8.09 6.189 3.5 1.512 0.631 0.34 5.999 5.492 1.824 6.856 5.931 6.834 6.229 4.746 10.299 7.811 8.356 9.725 5.338 
2.808 8.107 8.39 6.043 6.04 6.189 2.86 7.764 8.747 1.127 10.299 10.188 7.52 6.888 8.747 3.347 9.405 8.044 0.715 5.352 10.107 5.931 1.065 8.514 10.033 3.294 6.716 6.04 4.461 0.586 8.277 9.597 3.48 7.817 7.151 7.918 1.259 5.296 2.139 1.21 
4.186 2.782 2.795 3.021 9.888 0.995 5.523 5.982 7.811 6.043 6.322 8.584 5.472 7.224 9.805 3.941 1.684 6.043 9.645 6.795 4.146 1.092 7.52 4.567 4.444 8.742 6.999 1.684 6.201 1.092 7.504 7.161 5.999 4.586 9.298 1.21 5.142 5.931 2.272 3.615 
5.905 7.843 3.876 2.193 3.575 8.394 3.225 6.04 5.304 7.203 4.186 4.78 3.585 7.076 1.788 7.161 10.007 1.211 6.04 4.157 3.473 9.597 8.246 9.462 9.529 3.973 8.484 8.105 7.811 5.22 6.732 9.998 8.497 4.676 8.691 2.849 5.352 2.499 6.716 3.473 
6.684 2.956 9.998 1.075 7.52 2.782 0.828 4.461 10.145 1.161 4.291 4.218 9.909 6.825 5.464 6.684 6.684 9.725 8.911 8.15 5.464 7.277 3.48 6.189 0.387 8.326 4.78 2.029 9.88 3.174 2.499 6.042 4.07 9.298 0.491 6.21 2.782 8.939 7.304 1.38 
0.577 2.86 5.659 10.383 7.811 6.477 7.52 8.246 7.52 5.142 7.161 6.405 1.195 1.591 0.577 6.043 6.339 0.56 7.565 0.34 4.07 3.924 8.632 7.151 1.992 0.401 2.481 5.416 3.216 6.229 7.273 1.38 1.417 4.218 4.113 7.565 5.527 6.577 6.946 3.473 
5.296 1.992 3.871 2.782 6.583 2.358 6.229 9.888 1.092 7.819 7.306 0.315 10.267 8.484 1.065 9.029 9.909 1.211 4.461 5.841 9.351 9.331 2.161 4.113 7.622 6.635 4.586 3.439 0.822 8.105 7.304 6.043 4.749 8.356 6.953 8.605 4.201 5.818 9.405 1.948 
3.853 6.716 5.841 2.484 5.999 3.086 0.908 7.778 0.732 8.939 5.999 8.703 6.043 2.227 1.783 2.272 6.732 9.331 5.21 7.304 3.636 2.496 7.52 8.317 2.591 10.007 6.716 6.339 7.811 2.808 3.972 7.504 8.143 6.373 4.113 1.165 5.492 7.504 2.761 3.626 
1.681 0.387 7.068 7.948 2.002 7.26 4.189 6.716 9.298 9.729 8.326 1.684 9.998 7.778 9.119 8.849 3.473 5.185 3.588 3.636 2.658 8.107 1.371 9.331 4.461 10.188 8.747 2.358 8.246 0.257 8.61 6.296 1.792 9.213 2.193 5.21 0.622 0.454 9.78 6.716 
6.856 5.338 10.017 0.631 3.871 6.22 4.796 0.995 1.771 4.796 3.48 3.636 0.822 6.635 4.844 9.645 4.78 3.707 10.383 9.645 7.764 4.07 6.953 8.326 3.207 8.497 9.78 3.575 6.906 1.068 9.597 2.472 6.527 6.189 1.211 0.34 9.805 8.39 1.788 8.923 
7.161 6.04 9.805 7.355 7.224 9.909 6.697 0.34 7.811 2.225 1.165 10.299 4.796 7.151 7.622 7.016 4.567 6.716 8.726 7.504 8.105 1.804 8.911 8.13 8.726 4.189 1.065 0.181 3.424 3.585 1.788 2.595 6.201 5.484 6.946 6.825 6.684 4.218 2.931 10.033 
5.411 7.224 2.353 8.497 0.624 6.042 5.185 10.272 3.853 1.681 3.294 0.715 6.074 5.856 8.747 7.52 5.472 8.632 6.325 5.416 2.481 1.598 8.514 7.203 1.161 9.597 3.924 8.747 6.999 4.015 8.703 6.042 6.071 7.068 6.509 3.294 7.26 4.209 1.22 3.871 
3.588 1.211 6.888 2.227 2.403 5.095 8.571 3.021 7.203 1.259 9.805 7.355 7.328 5.659 10.187 7.304 6.339 4.366 3.347 7.249 4.809 8.09 6.189 8.105 2.795 9.58 9.298 8.923 5.411 10.145 8.703 5.523 4.358 9.805 0.189 5.659 5.818 8.246 8.326 5.578 
3.941 5.903 2.733 3.207 7.129 2.353 5.304 7.151 1.992 3.5 2.353 5.22 9.548 4.867 2.808 1.788 0.454 5.416 3.12 7.328 7.817 6.074 5.862 9.729 6.071 7.499 8.105 1.092 9.888 7.43 3.853 8.15 5.077 4.809 3.48 6.477 4.358 6.464 8.246 8.848 
7.613 6.978 3.5 2.547 10.383 7.277 3.129 9.331 8.669 8.246 9.298 8.018 0.387 9.88 8.514 1.792 5.527 8.246 1.824 4.209 1.259 7.764 7.948 1.031 10.107 8.277 5.095 1.065 6.919 4.186 6.565 10.107 7.306 7.072 5.464 7.622 10.188 7.843 4.218 6.464 
9.645 3.225 8.394 2.658 6.906 0.416 8.669 3.347 3.439 10.033 5.411 5.22 1.699 6.339 3.853 8.726 1.999 4.796 1.092 8.378 6.795 9.405 10.188 4.749 8.317 8.022 4.796 7.894 3.575 4.809 3.347 0.732 3.482 0.454 3.321 3.63 2.761 7.778 10.007 3.626 
3.129 2.782 1.495 6.043 7.203 6.795 9.548 8.849 9.802 2.002 1.992 0.491 3.924 1.783 1.948 8.277 2.547 1.211 3.626 8.484 5.222 10.187 9.119 4.749 0.257 8.246 0.582 5.977 3.575 2.782 3.382 5.126 5.492 7.224 10.007 10.187 7.26 9.029 0.908 8.703 
2.808 8.326 3.588 10.272 1.068 0.56 8.669 0.732 4.157 4.867 3.924 5.077 2.591 8.923 2.591 2.547 0.416 3.941 9.129 10.021 2.472 1.954 0.937 5.999 0.937 6.405 4.78 7.613 4.594 5.527 3.615 8.044 3.294 3.473 1.948 4.821 0.189 5.126 7.355 9.331 
4.186 9.067 8.105 2.499 4.201 6.635 7.811 7.068 6.405 4.778 4.157 5.233 7.161 6.832 3.021 3.519 4.676 2.547 3.012 1.783 6.627 1.699 8.105 1.684 1.948 5.296 8.605 1.591 9.266 6.21 4.209 6.296 7.52 1.992 7.843 9.548 0.257 4.444 1.417 3.129 
1.804 1.516 6.322 1.512 1.075 2.353 7.262 8.923 7.651 1.713 10.299 6.716 2.62 7.843 3.48 2.029 7.26 1.161 3.699 8.317 5.411 6.043 1.684 7.651 6.487 8.022 7.26 5.352 6.888 5.411 0.995 9.462 3.575 7.819 0.908 9.351 7.129 5.411 5.472 8.849 
2.808 2.931 9.592 6.266 7.644 7.918 9.802 1.22 0.715 8.747 1.075 1.092 5.982 8.107 7.151 5.314 10.187 3.482 2.272 6.825 0.624 1.495 7.565 5.296 7.138 0.937 2.472 9.266 4.201 6.487 6.071 6.201 8.571 4.015 4.444 2.147 9.129 5.22 2.499 2.472 
3.575 6.888 9.529 1.092 5.352 6.999 6.755 10.188 3.129 9.213 5.931 4.78 0.165 8.044 3.207 6.165 1.065 4.809 3.707 8.018 3.021 8.107 6.583 5.338 5.841 3.225 5.492 1.495 6.464 5.931 1.999 8.107 3.784 4.366 0.715 8.105 5.659 7.26 5.314 1.792 
7.764 1.203 7.277 3.021 4.78 7.948 6.405 7.273 6.684 8.018 6.229 9.909 0.454 4.594 2.547 2.761 1.512 5.721 6.527 4.796 8.484 9.998 4.146 9.78 9.462 9.351 6.229 2.193 2.795 2.956 0.416 8.277 7.072 7.203 4.291 2.029 5.411 6.018 8.246 2.658 
7.651 8.632 2.733 1.21 1.075 8.632 1.954 7.843 6.978 4.269 3.028 1.031 8.022 8.6 10.033 2.86 2.139 3.174 4.291 1.792 8.632 7.764 3.129 4.269 7.016 6.018 6.325 4.07 10.267 6.527 6.266 1.792 5.905 0.577 0.622 7.499 1.792 7.819 9.88 2.761 
2.982 3.626 7.811 4.796 4.844 8.044 7.811 7.565 10.267 9.548 1.684 0.828 0.822 9.44 3.482 9.331 4.461 9.351 2.225 4.157 2.358 9.645 7.43 3.294 5.338 6.042 7.224 2.403 0.586 3.699 7.076 3.972 1.992 3.462 5.862 10.007 7.613 6.856 7.271 8.514 
7.499 8.669 8.15 0.56 1.771 5.411 4.366 6.919 2.496 2.782 1.512 1.259 0.165 6.464 3.707 7.072 8.022 9.805 5.527 3.482 8.669 9.119 8.15 4.291 2.86 6.405 6.189 7.072 5.222 0.257 9.029 4.78 8.6 10.187 3.321 1.792 3.294 1.516 7.778 8.742 
7.304 6.165 2.225 3.207 8.605 8.848 7.948 3.784 0.715 3.5 3.636 4.809 8.09 9.645 1.713 5.21 4.796 7.262 6.747 7.499 8.6 2.002 6.042 1.992 1.371 2.353 3.575 4.78 4.844 1.684 10.021 9.93 9.528 5.905 6.627 6.477 2.227 5.492 5.841 8.571 
6.543 7.304 8.61 2.496 4.567 3.225 3.575 3.12 3.129 6.266 4.201 7.262 7.249 5.296 3.871 0.582 2.931 4.015 2.931 9.331 8.245 2.481 9.801 7.271 3.871 8.669 6.543 9.597 5.296 1.065 3.473 8.107 1.824 2.849 3.48 0.165 5.856 0.908 3.871 1.516 
7.565 0.732 4.809 7.355 5.416 7.565 1.211 2.795 3.588 1.417 8.022 3.973 8.601 6.04 5.21 2.982 8.579 0.631 6.906 5.416 8.742 2.956 4.269 10.145 0.189 7.378 8.13 7.151 5.142 7.778 8.61 1.38 4.778 3.207 1.068 6.635 1.211 1.954 10.017 2.472 
0.937 6.296 9.802 5.55 3.588 2.795 9.528 1.512 5.841 10.145 8.669 5.548 5.903 1.783 2.403 8.514 9.805 7.918 5.126 1.512 4.749 1.788 5.903 9.029 5.931 5.999 5.416 3.12 6.322 3.973 10.188 7.918 8.378 4.113 10.017 8.579 6.165 2.849 0.582 1.663 
7.52 3.439 2.496 8.605 0.582 0.454 7.565 3.972 8.326 1.663 1.992 1.792 6.832 9.592 6.888 2.139 5.352 6.042 6.373 5.352 1.092 6.755 0.582 9.462 2.86 4.844 0.189 0.387 4.844 7.161 6.189 5.095 7.277 9.88 4.796 3.972 0.387 0.416 6.953 4.809 
3.129 9.597 7.43 5.982 10.272 5.578 9.331 7.277 6.165 7.565 1.031 5.527 3.225 7.271 3.321 2.86 9.805 2.496 2.403 8.13 2.782 8.022 6.043 6.201 6.04 5.464 4.821 7.26 8.13 4.331 4.796 9.462 3.207 4.218 1.54 8.497 3.626 10.107 8.911 7.811 
7.262 9.998 8.105 6.999 9.266 2.403 3.424 0.189 4.461 10.267 2.225 9.805 6.071 3.086 3.294 4.209 8.246 6.074 8.923 8.849 9.058 9.548 6.565 0.908 9.805 8.911 2.931 10.145 5.22 2.499 9.351 4.331 3.972 0.995 0.34 2.403 3.174 6.074 5.527 2.782 
2.499 7.504 1.211 8.245 6.22 8.923 8.13 5.098 7.817 0.416 6.856 5.55 10.299 5.185 6.919 2.658 9.78 4.778 9.592 6.755 3.439 0.315 7.527 0.181 8.669 6.747 4.796 0.908 8.848 6.266 7.161 0.401 4.796 8.39 3.439 9.805 0.491 4.07 10.187 3.129 
7.622 8.394 9.645 6.635 8.018 8.39 10.383 8.497 7.151 3.48 6.627 2.595 4.78 3.876 9.592 8.61 7.52 5.352 0.995 6.04 8.29 5.841 5.472 7.43 4.146 8.579 4.07 2.547 9.645 1.663 9.78 7.016 6.043 3.482 4.331 9.58 0.622 10.107 3.207 2.547 
1.417 7.161 6.795 7.811 9.405 6.825 0.631 3.48 2.272 4.146 3.636 5.527 6.074 1.161 1.516 1.22 1.417 5.22 7.565 6.373 9.88 7.527 9.592 1.671 9.805 3.871 0.577 1.783 6.906 9.44 8.747 4.778 3.853 10.107 4.157 4.015 1.165 6.716 1.203 3.941 
4.594 0.999 6.919 2.761 3.225 1.684 4.186 1.804 0.401 8.742 3.439 1.38 3.615 8.584 5.721 1.127 6.946 7.948 7.52 10.021 4.749 0.56 4.218 2.358 5.22 9.58 1.999 7.644 7.277 6.325 3.174 7.306 2.147 1.065 8.726 5.352 0.828 9.58 1.068 4.778 
4.749 5.548 6.322 1.21 6.906 8.848 4.867 4.189 8.632 4.269 6.322 6.04 1.713 6.071 2.795 8.484 10.187 0.401 8.65 7.355 1.127 6.627 5.352 1.031 10.383 2.481 0.999 3.784 0.387 6.487 5.314 9.462 6.201 5.726 5.077 2.982 7.068 4.189 0.577 5.126 
3.575 2.595 3.021 3.473 0.995 7.43 1.992 1.598 6.627 0.999 3.347 5.233 7.304 1.992 7.306 7.304 5.21 7.651 2.225 9.801 2.496 7.811 2.595 4.015 9.462 5.095 2.358 0.586 10.267 7.304 8.584 8.601 2.353 8.484 4.821 9.266 4.809 1.671 5.905 2.782 
5.142 8.61 5.721 2.547 5.527 6.322 9.119 4.461 3.5 0.622 8.923 10.383 3.225 3.021 8.747 10.299 4.567 5.999 5.977 7.206 1.671 8.571 3.973 7.016 8.245 5.222 0.582 10.017 5.527 1.22 4.113 8.6 9.802 8.022 5.464 7.076 5.841 1.516 5.352 1.591 
4.113 7.52 7.26 10.479 5.578 8.15 5.659 9.462 5.222 0.822 5.862 8.742 2.499 0.586 2.782 8.514 1.512 2.272 2.484 3.636 3.876 1.21 7.016 8.356 7.076 2.761 6.635 6.527 2.808 7.918 3.972 2.956 3.615 2.358 6.071 9.548 6.946 2.358 5.21 5.659 
7.161 3.871 3.63 9.597 1.999 6.577 4.867 3.225 8.09 9.405 2.595 4.567 3.174 8.143 5.416 5.416 9.405 5.982 5.931 7.613 8.911 4.358 3.63 4.146 5.464 9.129 10.145 6.888 0.228 0.454 8.143 5.22 9.58 1.031 0.56 2.481 9.78 0.34 7.249 4.809 
0.228 4.157 7.224 7.811 9.998 4.809 7.778 2.733 6.832 8.691 5.862 1.671 6.755 1.663 7.622 8.848 0.822 3.519 1.38 5.862 7.161 5.098 9.351 1.516 5.578 7.151 5.352 8.742 3.424 8.09 1.092 6.583 7.378 10.272 7.894 3.63 4.586 8.691 9.909 9.597 
4.218 6.296 5.21 1.684 7.249 9.119 6.978 6.509 0.491 7.811 9.029 6.189 7.778 8.742 10.383 9.266 2.795 5.233 1.127 2.591 0.257 6.755 8.326 1.992 1.54 6.543 4.186 8.939 7.304 3.924 2.403 8.394 6.509 7.948 10.107 9.213 6.165 3.129 8.601 7.764 
8.65 5.931 3.626 3.473 0.315 6.22 9.462 5.856 5.527 6.716 7.622 3.973 0.961 6.543 9.029 3.207 3.5 9.802 6.732 9.597 5.905 1.417 6.732 4.201 2.931 2.029 4.157 4.157 3.086 5.862 2.139 8.277 3.615 9.471 7.43 3.876 3.699 0.416 5.222 2.547 
9.331 3.028 1.512 5.126 5.999 6.509 0.582 10.021 0.165 5.659 8.849 0.189 8.09 5.523 6.747 2.849 0.822 4.189 3.784 8.61 8.849 1.954 2.761 6.074 4.07 6.04 4.218 7.206 5.411 4.269 6.732 6.165 5.338 2.86 3.871 8.849 2.002 6.477 8.246 4.821 
4.867 2.595 3.028 2.403 5.484 1.068 1.948 6.21 1.992 8.39 4.586 5.098 6.05 6.296 6.21 7.355 6.856 2.272 1.783 0.937 8.39 5.55 6.165 7.129 2.496 4.676 2.931 5.222 2.472 6.946 4.201 7.249 4.209 8.579 4.218 5.338 2.225 8.747 6.755 7.304 
5.931 3.482 6.953 6.074 9.129 4.746 3.207 9.998 9.405 5.095 4.269 7.651 2.225 0.586 5.233 8.377 5.856 5.098 3.321 3.216 0.822 5.22 8.669 6.795 2.849 3.876 8.514 1.948 0.257 1.788 1.771 4.218 5.523 8.579 4.746 1.954 9.548 9.058 9.729 0.961 
6.22 0.315 4.796 7.52 0.165 7.504 4.218 2.956 0.257 1.591 3.626 4.358 1.22 7.273 3.707 3.462 6.953 7.328 3.5 6.018 8.484 6.624 7.249 7.151 5.484 4.157 9.471 2.193 6.635 4.867 4.444 2.86 8.245 6.795 7.355 0.732 9.725 5.841 3.473 6.577 
5.352 10.299 8.939 10.187 5.578 1.948 6.624 6.527 3.519 5.21 5.484 6.946 9.058 0.387 9.645 3.12 3.028 7.161 3.225 0.624 2.931 7.076 8.691 7.355 6.834 8.848 9.029 1.165 8.326 3.347 6.583 7.262 5.296 7.355 0.228 7.26 8.571 8.747 6.05 8.018 
6.856 6.405 3.347 0.257 7.161 7.644 4.209 5.548 8.39 7.304 10.267 0.715 8.245 9.645 0.828 1.195 2.956 0.822 2.481 0.165 6.697 2.808 8.691 3.473 4.778 7.304 0.624 1.999 9.058 5.352 3.585 1.671 9.909 1.824 1.713 0.257 0.582 10.272 2.62 8.246 
3.5 7.249 6.856 10.021 3.636 3.347 5.931 9.93 3.028 0.257 6.322 3.294 2.733 4.157 3.48 8.669 10.033 7.277 5.818 7.161 6.325 7.843 5.523 7.26 1.713 9.58 8.378 7.151 0.189 8.726 6.322 1.127 4.78 7.948 7.161 4.07 1.824 5.862 1.671 2.956 
2.86 7.304 3.588 9.725 3.876 1.783 9.805 9.298 0.165 3.174 6.527 6.565 6.071 7.764 9.351 5.222 4.269 0.315 8.39 0.189 8.923 5.726 3.482 5.098 2.403 1.684 6.755 5.484 8.484 2.808 8.747 3.519 1.371 9.58 0.401 1.54 2.761 8.143 8.063 0.822 
7.161 7.26 0.577 6.919 6.832 1.992 0.401 1.591 9.78 9.298 8.39 1.127 10.187 5.142 2.982 6.22 3.424 1.259 3.876 8.377 6.266 7.527 8.022 6.229 4.07 8.356 6.04 8.742 8.514 6.888 4.269 0.454 4.331 7.948 8.747 5.862 7.918 8.105 9.729 7.161 
